wavelengths,fluxes,convolved_flux,filter_wavelengths,filter_trans
  1.472000E+02,  0.000000E+00,  0.000000E+00,  6.800000E+03,  0.000000E+00
  1.510000E+02,  0.000000E+00,  0.000000E+00,  7.000000E+03,  1.000000E-02
  1.552000E+02,  0.000000E+00,  0.000000E+00,  7.200000E+03,  1.700000E-01
  1.588000E+02,  0.000000E+00,  0.000000E+00,  7.400000E+03,  3.600000E-01
  1.620000E+02,  0.000000E+00,  0.000000E+00,  7.600000E+03,  5.600000E-01
  1.660000E+02,  0.000000E+00,  0.000000E+00,  7.800000E+03,  7.600000E-01
  1.703000E+02,  0.000000E+00,  0.000000E+00,  8.000000E+03,  9.600000E-01
  1.734000E+02,  0.000000E+00,  0.000000E+00,  8.200000E+03,  9.800000E-01
  1.768000E+02,  2.820880E-49,  0.000000E+00,  8.400000E+03,  9.900000E-01
  1.802000E+02,  2.715438E-49,  0.000000E+00,  8.600000E+03,  1.000000E+00
  1.817000E+02,  2.589543E-49,  0.000000E+00,  8.800000E+03,  9.800000E-01
  1.861000E+02,  0.000000E+00,  0.000000E+00,  9.000000E+03,  9.300000E-01
  1.910000E+02,  9.232332-100,  0.000000E+00,  9.200000E+03,  8.400000E-01
  1.939000E+02,  2.345257E-49,  0.000000E+00,  9.400000E+03,  7.100000E-01
  1.984000E+02,  2.240086E-49,  0.000000E+00,  9.600000E+03,  5.800000E-01
  2.018000E+02,  2.165817E-49,  0.000000E+00,  9.800000E+03,  4.700000E-01
  2.050000E+02,  2.098167E-49,  0.000000E+00,  1.000000E+04,  3.600000E-01
  2.105000E+02,  0.000000E+00,  0.000000E+00,  1.020000E+04,  2.800000E-01
  2.162000E+02,  1.887972E-49,  0.000000E+00,  1.040000E+04,  2.000000E-01
  2.198000E+02,  1.826271E-49,  0.000000E+00,  1.060000E+04,  1.500000E-01
  2.230000E+02,  1.773120E-49,  0.000000E+00,  1.080000E+04,  1.000000E-01
  2.268000E+02,  3.987287-106,  0.000000E+00,  1.100000E+04,  8.000000E-02
  2.300000E+02,  0.000000E+00,  0.000000E+00,  1.120000E+04,  5.000000E-02
  2.340000E+02,  0.000000E+00,  0.000000E+00,  1.140000E+04,  3.000000E-02
  2.400000E+02,  0.000000E+00,  0.000000E+00,  1.160000E+04,  2.000000E-02
  2.465000E+02,  2.390452E-96,  0.000000E+00,  1.200000E+04,  0.000000E+00
  2.524000E+02,  1.384104E-49,  0.000000E+00,  0.000000E+00,  0.000000E+00
  2.568000E+02,  1.296410E-49,  0.000000E+00,  0.000000E+00,  0.000000E+00
  2.600000E+02,  0.000000E+00,  0.000000E+00,  0.000000E+00,  0.000000E+00
  2.640000E+02,  0.000000E+00,  0.000000E+00,  0.000000E+00,  0.000000E+00
  2.685000E+02,  0.000000E+00,  0.000000E+00,  0.000000E+00,  0.000000E+00
  2.735000E+02,  1.178782E-49,  0.000000E+00,  0.000000E+00,  0.000000E+00
  2.785000E+02,  0.000000E+00,  0.000000E+00,  0.000000E+00,  0.000000E+00
  2.840000E+02,  0.000000E+00,  0.000000E+00,  0.000000E+00,  0.000000E+00
  2.900000E+02,  0.000000E+00,  0.000000E+00,  0.000000E+00,  0.000000E+00
  2.960000E+02,  0.000000E+00,  0.000000E+00,  0.000000E+00,  0.000000E+00
  3.010000E+02,  0.000000E+00,  0.000000E+00,  0.000000E+00,  0.000000E+00
  3.080000E+02,  0.000000E+00,  0.000000E+00,  0.000000E+00,  0.000000E+00
  3.180000E+02,  0.000000E+00,  0.000000E+00,  0.000000E+00,  0.000000E+00
  3.280000E+02,  0.000000E+00,  0.000000E+00,  0.000000E+00,  0.000000E+00
  3.380000E+02,  0.000000E+00,  0.000000E+00,  0.000000E+00,  0.000000E+00
  3.480000E+02,  0.000000E+00,  0.000000E+00,  0.000000E+00,  0.000000E+00
  3.570000E+02,  0.000000E+00,  0.000000E+00,  0.000000E+00,  0.000000E+00
  3.660000E+02,  0.000000E+00,  0.000000E+00,  0.000000E+00,  0.000000E+00
  3.750000E+02,  0.000000E+00,  0.000000E+00,  0.000000E+00,  0.000000E+00
  3.850000E+02,  0.000000E+00,  0.000000E+00,  0.000000E+00,  0.000000E+00
  3.950000E+02,  5.651380E-50,  0.000000E+00,  0.000000E+00,  0.000000E+00
  4.050000E+02,  5.375734E-50,  0.000000E+00,  0.000000E+00,  0.000000E+00
  4.140000E+02,  0.000000E+00,  0.000000E+00,  0.000000E+00,  0.000000E+00
  4.220000E+02,  0.000000E+00,  0.000000E+00,  0.000000E+00,  0.000000E+00
  4.300000E+02,  0.000000E+00,  0.000000E+00,  0.000000E+00,  0.000000E+00
  4.410000E+02,  0.000000E+00,  0.000000E+00,  0.000000E+00,  0.000000E+00
  4.510000E+02,  0.000000E+00,  0.000000E+00,  0.000000E+00,  0.000000E+00
  4.600000E+02,  0.000000E+00,  0.000000E+00,  0.000000E+00,  0.000000E+00
  4.700000E+02,  0.000000E+00,  0.000000E+00,  0.000000E+00,  0.000000E+00
  4.800000E+02,  3.832228E-50,  0.000000E+00,  0.000000E+00,  0.000000E+00
  4.900000E+02,  3.679174E-50,  0.000000E+00,  0.000000E+00,  0.000000E+00
  5.000000E+02,  0.000000E+00,  0.000000E+00,  0.000000E+00,  0.000000E+00
  5.060000E+02,  0.000000E+00,  0.000000E+00,  0.000000E+00,  0.000000E+00
  5.120000E+02,  0.000000E+00,  0.000000E+00,  0.000000E+00,  0.000000E+00
  5.200000E+02,  0.000000E+00,  0.000000E+00,  0.000000E+00,  0.000000E+00
  5.300000E+02,  0.000000E+00,  0.000000E+00,  0.000000E+00,  0.000000E+00
  5.400000E+02,  3.023845E-50,  0.000000E+00,  0.000000E+00,  0.000000E+00
  5.500000E+02,  0.000000E+00,  0.000000E+00,  0.000000E+00,  0.000000E+00
  5.600000E+02,  0.000000E+00,  0.000000E+00,  0.000000E+00,  0.000000E+00
  5.700000E+02,  2.631336E-50,  0.000000E+00,  0.000000E+00,  0.000000E+00
  5.800000E+02,  2.620961E-50,  0.000000E+00,  0.000000E+00,  0.000000E+00
  5.900000E+02,  0.000000E+00,  0.000000E+00,  0.000000E+00,  0.000000E+00
  6.000000E+02,  0.000000E+00,  0.000000E+00,  0.000000E+00,  0.000000E+00
  6.100000E+02,  0.000000E+00,  0.000000E+00,  0.000000E+00,  0.000000E+00
  6.200000E+02,  0.000000E+00,  0.000000E+00,  0.000000E+00,  0.000000E+00
  6.300000E+02,  0.000000E+00,  0.000000E+00,  0.000000E+00,  0.000000E+00
  6.400000E+02,  0.000000E+00,  0.000000E+00,  0.000000E+00,  0.000000E+00
  6.500000E+02,  0.000000E+00,  0.000000E+00,  0.000000E+00,  0.000000E+00
  6.580000E+02,  0.000000E+00,  0.000000E+00,  0.000000E+00,  0.000000E+00
  6.650000E+02,  0.000000E+00,  0.000000E+00,  0.000000E+00,  0.000000E+00
  6.750000E+02,  0.000000E+00,  0.000000E+00,  0.000000E+00,  0.000000E+00
  6.850000E+02,  0.000000E+00,  0.000000E+00,  0.000000E+00,  0.000000E+00
  6.950000E+02,  0.000000E+00,  0.000000E+00,  0.000000E+00,  0.000000E+00
  7.050000E+02,  0.000000E+00,  0.000000E+00,  0.000000E+00,  0.000000E+00
  7.160000E+02,  0.000000E+00,  0.000000E+00,  0.000000E+00,  0.000000E+00
  7.260000E+02,  0.000000E+00,  0.000000E+00,  0.000000E+00,  0.000000E+00
  7.350000E+02,  0.000000E+00,  0.000000E+00,  0.000000E+00,  0.000000E+00
  7.450000E+02,  0.000000E+00,  0.000000E+00,  0.000000E+00,  0.000000E+00
  7.550000E+02,  0.000000E+00,  0.000000E+00,  0.000000E+00,  0.000000E+00
  7.650000E+02,  0.000000E+00,  0.000000E+00,  0.000000E+00,  0.000000E+00
  7.750000E+02,  0.000000E+00,  0.000000E+00,  0.000000E+00,  0.000000E+00
  7.850000E+02,  0.000000E+00,  0.000000E+00,  0.000000E+00,  0.000000E+00
  7.950000E+02,  0.000000E+00,  0.000000E+00,  0.000000E+00,  0.000000E+00
  8.050000E+02,  0.000000E+00,  0.000000E+00,  0.000000E+00,  0.000000E+00
  8.150000E+02,  0.000000E+00,  0.000000E+00,  0.000000E+00,  0.000000E+00
  8.250000E+02,  0.000000E+00,  0.000000E+00,  0.000000E+00,  0.000000E+00
  8.350000E+02,  0.000000E+00,  0.000000E+00,  0.000000E+00,  0.000000E+00
  8.450000E+02,  0.000000E+00,  0.000000E+00,  0.000000E+00,  0.000000E+00
  8.550000E+02,  0.000000E+00,  0.000000E+00,  0.000000E+00,  0.000000E+00
  8.650000E+02,  0.000000E+00,  0.000000E+00,  0.000000E+00,  0.000000E+00
  8.750000E+02,  0.000000E+00,  0.000000E+00,  0.000000E+00,  0.000000E+00
  8.850000E+02,  0.000000E+00,  0.000000E+00,  0.000000E+00,  0.000000E+00
  8.950000E+02,  0.000000E+00,  0.000000E+00,  0.000000E+00,  0.000000E+00
  9.050000E+02,  0.000000E+00,  0.000000E+00,  0.000000E+00,  0.000000E+00
  9.150000E+02,  2.227680E-32,  0.000000E+00,  0.000000E+00,  0.000000E+00
  9.250000E+02,  1.410654E-31,  0.000000E+00,  0.000000E+00,  0.000000E+00
  9.350000E+02,  1.646803E-31,  0.000000E+00,  0.000000E+00,  0.000000E+00
  9.450000E+02,  6.777466E-31,  0.000000E+00,  0.000000E+00,  0.000000E+00
  9.550000E+02,  6.477032E-31,  0.000000E+00,  0.000000E+00,  0.000000E+00
  9.650000E+02,  5.007861E-31,  0.000000E+00,  0.000000E+00,  0.000000E+00
  9.750000E+02,  9.384999E-32,  0.000000E+00,  0.000000E+00,  0.000000E+00
  9.850000E+02,  4.509617E-30,  0.000000E+00,  0.000000E+00,  0.000000E+00
  9.950000E+02,  7.278786E-30,  0.000000E+00,  0.000000E+00,  0.000000E+00
  1.005000E+03,  5.707743E-30,  0.000000E+00,  0.000000E+00,  0.000000E+00
  1.015000E+03,  0.000000E+00,  0.000000E+00,  0.000000E+00,  0.000000E+00
  1.025000E+03,  4.055393E-30,  0.000000E+00,  0.000000E+00,  0.000000E+00
  1.035000E+03,  1.174071E-28,  0.000000E+00,  0.000000E+00,  0.000000E+00
  1.045000E+03,  2.341616E-28,  0.000000E+00,  0.000000E+00,  0.000000E+00
  1.055000E+03,  2.822529E-28,  0.000000E+00,  0.000000E+00,  0.000000E+00
  1.065000E+03,  1.088551E-27,  0.000000E+00,  0.000000E+00,  0.000000E+00
  1.075000E+03,  1.644219E-27,  0.000000E+00,  0.000000E+00,  0.000000E+00
  1.085000E+03,  4.037404E-27,  0.000000E+00,  0.000000E+00,  0.000000E+00
  1.095000E+03,  6.054555E-27,  0.000000E+00,  0.000000E+00,  0.000000E+00
  1.105000E+03,  8.923550E-27,  0.000000E+00,  0.000000E+00,  0.000000E+00
  1.115000E+03,  1.304213E-26,  0.000000E+00,  0.000000E+00,  0.000000E+00
  1.125000E+03,  3.306008E-26,  0.000000E+00,  0.000000E+00,  0.000000E+00
  1.135000E+03,  5.753313E-26,  0.000000E+00,  0.000000E+00,  0.000000E+00
  1.145000E+03,  9.047319E-26,  0.000000E+00,  0.000000E+00,  0.000000E+00
  1.155000E+03,  1.167566E-25,  0.000000E+00,  0.000000E+00,  0.000000E+00
  1.165000E+03,  1.222733E-25,  0.000000E+00,  0.000000E+00,  0.000000E+00
  1.175000E+03,  1.390912E-25,  0.000000E+00,  0.000000E+00,  0.000000E+00
  1.185000E+03,  4.474311E-25,  0.000000E+00,  0.000000E+00,  0.000000E+00
  1.195000E+03,  2.161622E-26,  0.000000E+00,  0.000000E+00,  0.000000E+00
  1.205000E+03,  2.569881E-26,  0.000000E+00,  0.000000E+00,  0.000000E+00
  1.215000E+03,  4.331221E-27,  0.000000E+00,  0.000000E+00,  0.000000E+00
  1.225000E+03,  6.027558E-26,  0.000000E+00,  0.000000E+00,  0.000000E+00
  1.235000E+03,  1.219299E-25,  0.000000E+00,  0.000000E+00,  0.000000E+00
  1.245000E+03,  1.012167E-24,  0.000000E+00,  0.000000E+00,  0.000000E+00
  1.255000E+03,  2.925938E-24,  0.000000E+00,  0.000000E+00,  0.000000E+00
  1.265000E+03,  5.956670E-24,  0.000000E+00,  0.000000E+00,  0.000000E+00
  1.275000E+03,  1.162916E-23,  0.000000E+00,  0.000000E+00,  0.000000E+00
  1.285000E+03,  1.495721E-23,  0.000000E+00,  0.000000E+00,  0.000000E+00
  1.295000E+03,  2.524150E-23,  0.000000E+00,  0.000000E+00,  0.000000E+00
  1.305000E+03,  3.764112E-23,  0.000000E+00,  0.000000E+00,  0.000000E+00
  1.315000E+03,  5.802513E-23,  0.000000E+00,  0.000000E+00,  0.000000E+00
  1.325000E+03,  7.507987E-23,  0.000000E+00,  0.000000E+00,  0.000000E+00
  1.335000E+03,  9.682350E-23,  0.000000E+00,  0.000000E+00,  0.000000E+00
  1.345000E+03,  1.417674E-22,  0.000000E+00,  0.000000E+00,  0.000000E+00
  1.355000E+03,  2.099108E-22,  0.000000E+00,  0.000000E+00,  0.000000E+00
  1.365000E+03,  2.494476E-22,  0.000000E+00,  0.000000E+00,  0.000000E+00
  1.375000E+03,  2.913229E-22,  0.000000E+00,  0.000000E+00,  0.000000E+00
  1.385000E+03,  3.917945E-22,  0.000000E+00,  0.000000E+00,  0.000000E+00
  1.395000E+03,  4.826431E-22,  0.000000E+00,  0.000000E+00,  0.000000E+00
  1.405000E+03,  7.384476E-22,  0.000000E+00,  0.000000E+00,  0.000000E+00
  1.415000E+03,  1.026210E-21,  0.000000E+00,  0.000000E+00,  0.000000E+00
  1.425000E+03,  1.142372E-21,  0.000000E+00,  0.000000E+00,  0.000000E+00
  1.435000E+03,  1.808291E-21,  0.000000E+00,  0.000000E+00,  0.000000E+00
  1.442000E+03,  2.791563E-21,  0.000000E+00,  0.000000E+00,  0.000000E+00
  1.447000E+03,  2.398673E-21,  0.000000E+00,  0.000000E+00,  0.000000E+00
  1.455000E+03,  2.835127E-21,  0.000000E+00,  0.000000E+00,  0.000000E+00
  1.465000E+03,  4.655197E-21,  0.000000E+00,  0.000000E+00,  0.000000E+00
  1.475000E+03,  4.759684E-21,  0.000000E+00,  0.000000E+00,  0.000000E+00
  1.485000E+03,  6.404405E-21,  0.000000E+00,  0.000000E+00,  0.000000E+00
  1.495000E+03,  1.107017E-20,  0.000000E+00,  0.000000E+00,  0.000000E+00
  1.505000E+03,  1.778302E-20,  0.000000E+00,  0.000000E+00,  0.000000E+00
  1.512000E+03,  8.652378E-21,  0.000000E+00,  0.000000E+00,  0.000000E+00
  1.517000E+03,  1.737646E-20,  0.000000E+00,  0.000000E+00,  0.000000E+00
  1.525000E+03,  2.900596E-20,  0.000000E+00,  0.000000E+00,  0.000000E+00
  1.535000E+03,  5.718898E-20,  0.000000E+00,  0.000000E+00,  0.000000E+00
  1.545000E+03,  3.870549E-20,  0.000000E+00,  0.000000E+00,  0.000000E+00
  1.555000E+03,  6.248229E-20,  0.000000E+00,  0.000000E+00,  0.000000E+00
  1.565000E+03,  5.679594E-20,  0.000000E+00,  0.000000E+00,  0.000000E+00
  1.575000E+03,  1.495448E-19,  0.000000E+00,  0.000000E+00,  0.000000E+00
  1.585000E+03,  1.532035E-19,  0.000000E+00,  0.000000E+00,  0.000000E+00
  1.595000E+03,  1.413433E-19,  0.000000E+00,  0.000000E+00,  0.000000E+00
  1.605000E+03,  1.522326E-19,  0.000000E+00,  0.000000E+00,  0.000000E+00
  1.615000E+03,  1.546481E-19,  0.000000E+00,  0.000000E+00,  0.000000E+00
  1.625000E+03,  1.554257E-19,  0.000000E+00,  0.000000E+00,  0.000000E+00
  1.635000E+03,  2.360200E-19,  0.000000E+00,  0.000000E+00,  0.000000E+00
  1.645000E+03,  3.702899E-19,  0.000000E+00,  0.000000E+00,  0.000000E+00
  1.655000E+03,  2.872102E-19,  0.000000E+00,  0.000000E+00,  0.000000E+00
  1.665000E+03,  5.731284E-19,  0.000000E+00,  0.000000E+00,  0.000000E+00
  1.672000E+03,  4.273164E-19,  0.000000E+00,  0.000000E+00,  0.000000E+00
  1.677000E+03,  8.335648E-19,  0.000000E+00,  0.000000E+00,  0.000000E+00
  1.685000E+03,  1.142817E-18,  0.000000E+00,  0.000000E+00,  0.000000E+00
  1.695000E+03,  1.972048E-18,  0.000000E+00,  0.000000E+00,  0.000000E+00
  1.705000E+03,  2.100350E-18,  0.000000E+00,  0.000000E+00,  0.000000E+00
  1.715000E+03,  2.436649E-18,  0.000000E+00,  0.000000E+00,  0.000000E+00
  1.725000E+03,  3.771449E-18,  0.000000E+00,  0.000000E+00,  0.000000E+00
  1.735000E+03,  4.532864E-18,  0.000000E+00,  0.000000E+00,  0.000000E+00
  1.745000E+03,  6.823118E-18,  0.000000E+00,  0.000000E+00,  0.000000E+00
  1.755000E+03,  6.450994E-18,  0.000000E+00,  0.000000E+00,  0.000000E+00
  1.765000E+03,  1.028027E-17,  0.000000E+00,  0.000000E+00,  0.000000E+00
  1.775000E+03,  8.256813E-18,  0.000000E+00,  0.000000E+00,  0.000000E+00
  1.785000E+03,  2.058264E-17,  0.000000E+00,  0.000000E+00,  0.000000E+00
  1.795000E+03,  1.419399E-17,  0.000000E+00,  0.000000E+00,  0.000000E+00
  1.805000E+03,  3.493988E-17,  0.000000E+00,  0.000000E+00,  0.000000E+00
  1.815000E+03,  2.002360E-17,  0.000000E+00,  0.000000E+00,  0.000000E+00
  1.825000E+03,  4.027422E-17,  0.000000E+00,  0.000000E+00,  0.000000E+00
  1.835000E+03,  3.126112E-17,  0.000000E+00,  0.000000E+00,  0.000000E+00
  1.845000E+03,  6.449526E-17,  0.000000E+00,  0.000000E+00,  0.000000E+00
  1.855000E+03,  3.796454E-17,  0.000000E+00,  0.000000E+00,  0.000000E+00
  1.865000E+03,  9.193903E-17,  0.000000E+00,  0.000000E+00,  0.000000E+00
  1.875000E+03,  7.809864E-17,  0.000000E+00,  0.000000E+00,  0.000000E+00
  1.885000E+03,  1.125578E-16,  0.000000E+00,  0.000000E+00,  0.000000E+00
  1.895000E+03,  1.442582E-16,  0.000000E+00,  0.000000E+00,  0.000000E+00
  1.905000E+03,  1.580221E-16,  0.000000E+00,  0.000000E+00,  0.000000E+00
  1.915000E+03,  2.605462E-16,  0.000000E+00,  0.000000E+00,  0.000000E+00
  1.925000E+03,  2.068485E-16,  0.000000E+00,  0.000000E+00,  0.000000E+00
  1.935000E+03,  1.580347E-16,  0.000000E+00,  0.000000E+00,  0.000000E+00
  1.945000E+03,  3.370548E-16,  0.000000E+00,  0.000000E+00,  0.000000E+00
  1.955000E+03,  5.472068E-16,  0.000000E+00,  0.000000E+00,  0.000000E+00
  1.967000E+03,  5.795037E-16,  0.000000E+00,  0.000000E+00,  0.000000E+00
  1.976000E+03,  7.292268E-16,  0.000000E+00,  0.000000E+00,  0.000000E+00
  1.984000E+03,  1.060318E-15,  0.000000E+00,  0.000000E+00,  0.000000E+00
  1.995000E+03,  8.638432E-16,  0.000000E+00,  0.000000E+00,  0.000000E+00
  2.005000E+03,  1.126874E-15,  0.000000E+00,  0.000000E+00,  0.000000E+00
  2.015000E+03,  1.296265E-15,  0.000000E+00,  0.000000E+00,  0.000000E+00
  2.025000E+03,  1.256441E-15,  0.000000E+00,  0.000000E+00,  0.000000E+00
  2.035000E+03,  1.617348E-15,  0.000000E+00,  0.000000E+00,  0.000000E+00
  2.045000E+03,  1.622654E-15,  0.000000E+00,  0.000000E+00,  0.000000E+00
  2.055000E+03,  2.152190E-15,  0.000000E+00,  0.000000E+00,  0.000000E+00
  2.065000E+03,  1.952699E-15,  0.000000E+00,  0.000000E+00,  0.000000E+00
  2.074000E+03,  1.607929E-15,  0.000000E+00,  0.000000E+00,  0.000000E+00
  2.078000E+03,  2.521098E-15,  0.000000E+00,  0.000000E+00,  0.000000E+00
  2.085000E+03,  3.325822E-15,  0.000000E+00,  0.000000E+00,  0.000000E+00
  2.095000E+03,  4.631586E-15,  0.000000E+00,  0.000000E+00,  0.000000E+00
  2.105000E+03,  4.792406E-15,  0.000000E+00,  0.000000E+00,  0.000000E+00
  2.115000E+03,  4.764814E-15,  0.000000E+00,  0.000000E+00,  0.000000E+00
  2.125000E+03,  6.355837E-15,  0.000000E+00,  0.000000E+00,  0.000000E+00
  2.135000E+03,  8.630167E-15,  0.000000E+00,  0.000000E+00,  0.000000E+00
  2.145000E+03,  5.311976E-15,  0.000000E+00,  0.000000E+00,  0.000000E+00
  2.155000E+03,  8.376736E-15,  0.000000E+00,  0.000000E+00,  0.000000E+00
  2.165000E+03,  7.836449E-15,  0.000000E+00,  0.000000E+00,  0.000000E+00
  2.175000E+03,  9.058893E-15,  0.000000E+00,  0.000000E+00,  0.000000E+00
  2.185000E+03,  7.757338E-15,  0.000000E+00,  0.000000E+00,  0.000000E+00
  2.195000E+03,  1.672460E-14,  0.000000E+00,  0.000000E+00,  0.000000E+00
  2.205000E+03,  1.274315E-14,  0.000000E+00,  0.000000E+00,  0.000000E+00
  2.215000E+03,  1.797640E-14,  0.000000E+00,  0.000000E+00,  0.000000E+00
  2.225000E+03,  1.277473E-14,  0.000000E+00,  0.000000E+00,  0.000000E+00
  2.235000E+03,  2.547906E-14,  0.000000E+00,  0.000000E+00,  0.000000E+00
  2.245000E+03,  2.956847E-14,  0.000000E+00,  0.000000E+00,  0.000000E+00
  2.255000E+03,  4.350300E-14,  0.000000E+00,  0.000000E+00,  0.000000E+00
  2.265000E+03,  1.809656E-14,  0.000000E+00,  0.000000E+00,  0.000000E+00
  2.275000E+03,  5.243700E-14,  0.000000E+00,  0.000000E+00,  0.000000E+00
  2.285000E+03,  4.020372E-14,  0.000000E+00,  0.000000E+00,  0.000000E+00
  2.295000E+03,  8.685770E-14,  0.000000E+00,  0.000000E+00,  0.000000E+00
  2.305000E+03,  2.074649E-14,  0.000000E+00,  0.000000E+00,  0.000000E+00
  2.315000E+03,  1.302035E-13,  0.000000E+00,  0.000000E+00,  0.000000E+00
  2.325000E+03,  8.494375E-14,  0.000000E+00,  0.000000E+00,  0.000000E+00
  2.335000E+03,  1.567759E-13,  0.000000E+00,  0.000000E+00,  0.000000E+00
  2.345000E+03,  8.784448E-14,  0.000000E+00,  0.000000E+00,  0.000000E+00
  2.355000E+03,  6.695771E-14,  0.000000E+00,  0.000000E+00,  0.000000E+00
  2.365000E+03,  1.053130E-13,  0.000000E+00,  0.000000E+00,  0.000000E+00
  2.375000E+03,  9.361169E-14,  0.000000E+00,  0.000000E+00,  0.000000E+00
  2.385000E+03,  2.195952E-13,  0.000000E+00,  0.000000E+00,  0.000000E+00
  2.395000E+03,  1.876277E-13,  0.000000E+00,  0.000000E+00,  0.000000E+00
  2.405000E+03,  4.779727E-13,  0.000000E+00,  0.000000E+00,  0.000000E+00
  2.415000E+03,  2.085570E-13,  0.000000E+00,  0.000000E+00,  0.000000E+00
  2.425000E+03,  2.994731E-13,  0.000000E+00,  0.000000E+00,  0.000000E+00
  2.435000E+03,  5.365489E-13,  0.000000E+00,  0.000000E+00,  0.000000E+00
  2.445000E+03,  8.850849E-13,  0.000000E+00,  0.000000E+00,  0.000000E+00
  2.455000E+03,  1.141734E-12,  0.000000E+00,  0.000000E+00,  0.000000E+00
  2.465000E+03,  5.394286E-13,  0.000000E+00,  0.000000E+00,  0.000000E+00
  2.475000E+03,  1.315234E-12,  0.000000E+00,  0.000000E+00,  0.000000E+00
  2.485000E+03,  3.119321E-13,  0.000000E+00,  0.000000E+00,  0.000000E+00
  2.495000E+03,  4.232209E-13,  0.000000E+00,  0.000000E+00,  0.000000E+00
  2.505000E+03,  1.031649E-12,  0.000000E+00,  0.000000E+00,  0.000000E+00
  2.513000E+03,  6.195333E-13,  0.000000E+00,  0.000000E+00,  0.000000E+00
  2.518000E+03,  7.880618E-13,  0.000000E+00,  0.000000E+00,  0.000000E+00
  2.525000E+03,  1.060839E-12,  0.000000E+00,  0.000000E+00,  0.000000E+00
  2.535000E+03,  3.907982E-12,  0.000000E+00,  0.000000E+00,  0.000000E+00
  2.545000E+03,  5.070284E-12,  0.000000E+00,  0.000000E+00,  0.000000E+00
  2.555000E+03,  5.089864E-12,  0.000000E+00,  0.000000E+00,  0.000000E+00
  2.565000E+03,  1.786180E-12,  0.000000E+00,  0.000000E+00,  0.000000E+00
  2.575000E+03,  5.360705E-12,  0.000000E+00,  0.000000E+00,  0.000000E+00
  2.585000E+03,  1.985198E-12,  0.000000E+00,  0.000000E+00,  0.000000E+00
  2.595000E+03,  3.862239E-12,  0.000000E+00,  0.000000E+00,  0.000000E+00
  2.605000E+03,  6.351448E-12,  0.000000E+00,  0.000000E+00,  0.000000E+00
  2.615000E+03,  4.531840E-12,  0.000000E+00,  0.000000E+00,  0.000000E+00
  2.625000E+03,  1.171315E-11,  0.000000E+00,  0.000000E+00,  0.000000E+00
  2.635000E+03,  2.240896E-11,  0.000000E+00,  0.000000E+00,  0.000000E+00
  2.645000E+03,  1.350421E-11,  0.000000E+00,  0.000000E+00,  0.000000E+00
  2.655000E+03,  2.708188E-11,  0.000000E+00,  0.000000E+00,  0.000000E+00
  2.665000E+03,  1.552670E-11,  0.000000E+00,  0.000000E+00,  0.000000E+00
  2.675000E+03,  1.817786E-11,  0.000000E+00,  0.000000E+00,  0.000000E+00
  2.685000E+03,  2.351547E-11,  0.000000E+00,  0.000000E+00,  0.000000E+00
  2.695000E+03,  1.132076E-11,  0.000000E+00,  0.000000E+00,  0.000000E+00
  2.705000E+03,  3.697830E-11,  0.000000E+00,  0.000000E+00,  0.000000E+00
  2.715000E+03,  2.885379E-11,  0.000000E+00,  0.000000E+00,  0.000000E+00
  2.725000E+03,  2.077720E-11,  0.000000E+00,  0.000000E+00,  0.000000E+00
  2.735000E+03,  2.246607E-11,  0.000000E+00,  0.000000E+00,  0.000000E+00
  2.745000E+03,  3.813183E-11,  0.000000E+00,  0.000000E+00,  0.000000E+00
  2.755000E+03,  3.547236E-11,  0.000000E+00,  0.000000E+00,  0.000000E+00
  2.765000E+03,  7.057560E-11,  0.000000E+00,  0.000000E+00,  0.000000E+00
  2.775000E+03,  9.990547E-11,  0.000000E+00,  0.000000E+00,  0.000000E+00
  2.785000E+03,  5.369600E-11,  0.000000E+00,  0.000000E+00,  0.000000E+00
  2.795000E+03,  5.589774E-11,  0.000000E+00,  0.000000E+00,  0.000000E+00
  2.805000E+03,  5.611135E-11,  0.000000E+00,  0.000000E+00,  0.000000E+00
  2.815000E+03,  8.590085E-11,  0.000000E+00,  0.000000E+00,  0.000000E+00
  2.825000E+03,  8.049801E-11,  0.000000E+00,  0.000000E+00,  0.000000E+00
  2.835000E+03,  5.336692E-11,  0.000000E+00,  0.000000E+00,  0.000000E+00
  2.845000E+03,  2.788716E-11,  0.000000E+00,  0.000000E+00,  0.000000E+00
  2.855000E+03,  9.996128E-12,  0.000000E+00,  0.000000E+00,  0.000000E+00
  2.865000E+03,  5.808930E-11,  0.000000E+00,  0.000000E+00,  0.000000E+00
  2.875000E+03,  8.114419E-11,  0.000000E+00,  0.000000E+00,  0.000000E+00
  2.885000E+03,  1.948918E-10,  0.000000E+00,  0.000000E+00,  0.000000E+00
  2.895000E+03,  2.531386E-10,  0.000000E+00,  0.000000E+00,  0.000000E+00
  2.910000E+03,  3.211198E-10,  0.000000E+00,  0.000000E+00,  0.000000E+00
  2.930000E+03,  3.624057E-10,  0.000000E+00,  0.000000E+00,  0.000000E+00
  2.950000E+03,  3.493250E-10,  0.000000E+00,  0.000000E+00,  0.000000E+00
  2.970000E+03,  3.412313E-10,  0.000000E+00,  0.000000E+00,  0.000000E+00
  2.990000E+03,  4.389044E-10,  0.000000E+00,  0.000000E+00,  0.000000E+00
  3.010000E+03,  4.722918E-10,  0.000000E+00,  0.000000E+00,  0.000000E+00
  3.030000E+03,  5.908088E-10,  0.000000E+00,  0.000000E+00,  0.000000E+00
  3.050000E+03,  7.657147E-10,  0.000000E+00,  0.000000E+00,  0.000000E+00
  3.070000E+03,  1.022773E-09,  0.000000E+00,  0.000000E+00,  0.000000E+00
  3.090000E+03,  1.251261E-09,  0.000000E+00,  0.000000E+00,  0.000000E+00
  3.110000E+03,  1.873369E-09,  0.000000E+00,  0.000000E+00,  0.000000E+00
  3.130000E+03,  1.717395E-09,  0.000000E+00,  0.000000E+00,  0.000000E+00
  3.150000E+03,  2.491985E-09,  0.000000E+00,  0.000000E+00,  0.000000E+00
  3.170000E+03,  3.422838E-09,  0.000000E+00,  0.000000E+00,  0.000000E+00
  3.190000E+03,  3.090250E-09,  0.000000E+00,  0.000000E+00,  0.000000E+00
  3.210000E+03,  3.562923E-09,  0.000000E+00,  0.000000E+00,  0.000000E+00
  3.230000E+03,  3.303295E-09,  0.000000E+00,  0.000000E+00,  0.000000E+00
  3.250000E+03,  4.938574E-09,  0.000000E+00,  0.000000E+00,  0.000000E+00
  3.270000E+03,  6.769416E-09,  0.000000E+00,  0.000000E+00,  0.000000E+00
  3.290000E+03,  8.368308E-09,  0.000000E+00,  0.000000E+00,  0.000000E+00
  3.310000E+03,  7.452286E-09,  0.000000E+00,  0.000000E+00,  0.000000E+00
  3.330000E+03,  7.958204E-09,  0.000000E+00,  0.000000E+00,  0.000000E+00
  3.350000E+03,  7.709033E-09,  0.000000E+00,  0.000000E+00,  0.000000E+00
  3.370000E+03,  5.758459E-09,  0.000000E+00,  0.000000E+00,  0.000000E+00
  3.390000E+03,  7.123134E-09,  0.000000E+00,  0.000000E+00,  0.000000E+00
  3.410000E+03,  8.682578E-09,  0.000000E+00,  0.000000E+00,  0.000000E+00
  3.430000E+03,  1.122407E-08,  0.000000E+00,  0.000000E+00,  0.000000E+00
  3.450000E+03,  1.031352E-08,  0.000000E+00,  0.000000E+00,  0.000000E+00
  3.470000E+03,  1.167543E-08,  0.000000E+00,  0.000000E+00,  0.000000E+00
  3.490000E+03,  1.406653E-08,  0.000000E+00,  0.000000E+00,  0.000000E+00
  3.510000E+03,  1.733035E-08,  0.000000E+00,  0.000000E+00,  0.000000E+00
  3.530000E+03,  1.570827E-08,  0.000000E+00,  0.000000E+00,  0.000000E+00
  3.550000E+03,  2.255524E-08,  0.000000E+00,  0.000000E+00,  0.000000E+00
  3.570000E+03,  1.335211E-08,  0.000000E+00,  0.000000E+00,  0.000000E+00
  3.590000E+03,  1.244985E-08,  0.000000E+00,  0.000000E+00,  0.000000E+00
  3.610000E+03,  1.848295E-08,  0.000000E+00,  0.000000E+00,  0.000000E+00
  3.630000E+03,  2.491430E-08,  0.000000E+00,  0.000000E+00,  0.000000E+00
  3.640000E+03,  2.894702E-08,  0.000000E+00,  0.000000E+00,  0.000000E+00
  3.650000E+03,  2.935230E-08,  0.000000E+00,  0.000000E+00,  0.000000E+00
  3.670000E+03,  3.630063E-08,  0.000000E+00,  0.000000E+00,  0.000000E+00
  3.690000E+03,  3.415972E-08,  0.000000E+00,  0.000000E+00,  0.000000E+00
  3.710000E+03,  3.283634E-08,  0.000000E+00,  0.000000E+00,  0.000000E+00
  3.730000E+03,  1.666557E-08,  0.000000E+00,  0.000000E+00,  0.000000E+00
  3.750000E+03,  2.123148E-08,  0.000000E+00,  0.000000E+00,  0.000000E+00
  3.770000E+03,  3.492458E-08,  0.000000E+00,  0.000000E+00,  0.000000E+00
  3.790000E+03,  3.912049E-08,  0.000000E+00,  0.000000E+00,  0.000000E+00
  3.810000E+03,  3.642549E-08,  0.000000E+00,  0.000000E+00,  0.000000E+00
  3.830000E+03,  1.935308E-08,  0.000000E+00,  0.000000E+00,  0.000000E+00
  3.850000E+03,  2.845866E-08,  0.000000E+00,  0.000000E+00,  0.000000E+00
  3.870000E+03,  2.903664E-08,  0.000000E+00,  0.000000E+00,  0.000000E+00
  3.890000E+03,  3.832673E-08,  0.000000E+00,  0.000000E+00,  0.000000E+00
  3.910000E+03,  4.487157E-08,  0.000000E+00,  0.000000E+00,  0.000000E+00
  3.930000E+03,  1.541179E-08,  0.000000E+00,  0.000000E+00,  0.000000E+00
  3.950000E+03,  3.471245E-08,  0.000000E+00,  0.000000E+00,  0.000000E+00
  3.970000E+03,  2.147188E-08,  0.000000E+00,  0.000000E+00,  0.000000E+00
  3.990000E+03,  6.959162E-08,  0.000000E+00,  0.000000E+00,  0.000000E+00
  4.010000E+03,  9.450224E-08,  0.000000E+00,  0.000000E+00,  0.000000E+00
  4.030000E+03,  8.947183E-08,  0.000000E+00,  0.000000E+00,  0.000000E+00
  4.050000E+03,  9.263532E-08,  0.000000E+00,  0.000000E+00,  0.000000E+00
  4.070000E+03,  9.105266E-08,  0.000000E+00,  0.000000E+00,  0.000000E+00
  4.090000E+03,  1.147340E-07,  0.000000E+00,  0.000000E+00,  0.000000E+00
  4.110000E+03,  8.903122E-08,  0.000000E+00,  0.000000E+00,  0.000000E+00
  4.130000E+03,  9.652875E-08,  0.000000E+00,  0.000000E+00,  0.000000E+00
  4.150000E+03,  9.261521E-08,  0.000000E+00,  0.000000E+00,  0.000000E+00
  4.170000E+03,  9.241889E-08,  0.000000E+00,  0.000000E+00,  0.000000E+00
  4.190000E+03,  1.032841E-07,  0.000000E+00,  0.000000E+00,  0.000000E+00
  4.210000E+03,  1.048561E-07,  0.000000E+00,  0.000000E+00,  0.000000E+00
  4.230000E+03,  1.034227E-07,  0.000000E+00,  0.000000E+00,  0.000000E+00
  4.250000E+03,  1.283103E-07,  0.000000E+00,  0.000000E+00,  0.000000E+00
  4.270000E+03,  1.255198E-07,  0.000000E+00,  0.000000E+00,  0.000000E+00
  4.290000E+03,  1.227096E-07,  0.000000E+00,  0.000000E+00,  0.000000E+00
  4.310000E+03,  1.203337E-07,  0.000000E+00,  0.000000E+00,  0.000000E+00
  4.330000E+03,  1.747891E-07,  0.000000E+00,  0.000000E+00,  0.000000E+00
  4.350000E+03,  1.835068E-07,  0.000000E+00,  0.000000E+00,  0.000000E+00
  4.370000E+03,  1.940264E-07,  0.000000E+00,  0.000000E+00,  0.000000E+00
  4.390000E+03,  1.800304E-07,  0.000000E+00,  0.000000E+00,  0.000000E+00
  4.410000E+03,  1.900055E-07,  0.000000E+00,  0.000000E+00,  0.000000E+00
  4.430000E+03,  2.150465E-07,  0.000000E+00,  0.000000E+00,  0.000000E+00
  4.450000E+03,  2.247074E-07,  0.000000E+00,  0.000000E+00,  0.000000E+00
  4.470000E+03,  2.461640E-07,  0.000000E+00,  0.000000E+00,  0.000000E+00
  4.490000E+03,  2.682480E-07,  0.000000E+00,  0.000000E+00,  0.000000E+00
  4.510000E+03,  3.111092E-07,  0.000000E+00,  0.000000E+00,  0.000000E+00
  4.530000E+03,  2.731836E-07,  0.000000E+00,  0.000000E+00,  0.000000E+00
  4.550000E+03,  2.944066E-07,  0.000000E+00,  0.000000E+00,  0.000000E+00
  4.570000E+03,  3.245202E-07,  0.000000E+00,  0.000000E+00,  0.000000E+00
  4.590000E+03,  3.218593E-07,  0.000000E+00,  0.000000E+00,  0.000000E+00
  4.610000E+03,  3.447801E-07,  0.000000E+00,  0.000000E+00,  0.000000E+00
  4.630000E+03,  3.487046E-07,  0.000000E+00,  0.000000E+00,  0.000000E+00
  4.650000E+03,  3.526102E-07,  0.000000E+00,  0.000000E+00,  0.000000E+00
  4.670000E+03,  3.805893E-07,  0.000000E+00,  0.000000E+00,  0.000000E+00
  4.690000E+03,  3.841788E-07,  0.000000E+00,  0.000000E+00,  0.000000E+00
  4.710000E+03,  3.845267E-07,  0.000000E+00,  0.000000E+00,  0.000000E+00
  4.730000E+03,  3.951910E-07,  0.000000E+00,  0.000000E+00,  0.000000E+00
  4.750000E+03,  4.100326E-07,  0.000000E+00,  0.000000E+00,  0.000000E+00
  4.770000E+03,  4.064932E-07,  0.000000E+00,  0.000000E+00,  0.000000E+00
  4.790000E+03,  4.103195E-07,  0.000000E+00,  0.000000E+00,  0.000000E+00
  4.810000E+03,  4.342520E-07,  0.000000E+00,  0.000000E+00,  0.000000E+00
  4.830000E+03,  4.431565E-07,  0.000000E+00,  0.000000E+00,  0.000000E+00
  4.850000E+03,  4.503899E-07,  0.000000E+00,  0.000000E+00,  0.000000E+00
  4.870000E+03,  4.405043E-07,  0.000000E+00,  0.000000E+00,  0.000000E+00
  4.890000E+03,  4.739350E-07,  0.000000E+00,  0.000000E+00,  0.000000E+00
  4.910000E+03,  4.806754E-07,  0.000000E+00,  0.000000E+00,  0.000000E+00
  4.930000E+03,  4.727963E-07,  0.000000E+00,  0.000000E+00,  0.000000E+00
  4.950000E+03,  5.036193E-07,  0.000000E+00,  0.000000E+00,  0.000000E+00
  4.970000E+03,  4.918685E-07,  0.000000E+00,  0.000000E+00,  0.000000E+00
  4.990000E+03,  4.701315E-07,  0.000000E+00,  0.000000E+00,  0.000000E+00
  5.010000E+03,  4.473285E-07,  0.000000E+00,  0.000000E+00,  0.000000E+00
  5.030000E+03,  4.794496E-07,  0.000000E+00,  0.000000E+00,  0.000000E+00
  5.050000E+03,  4.724286E-07,  0.000000E+00,  0.000000E+00,  0.000000E+00
  5.070000E+03,  4.914414E-07,  0.000000E+00,  0.000000E+00,  0.000000E+00
  5.090000E+03,  4.604273E-07,  0.000000E+00,  0.000000E+00,  0.000000E+00
  5.110000E+03,  4.791991E-07,  0.000000E+00,  0.000000E+00,  0.000000E+00
  5.130000E+03,  4.603634E-07,  0.000000E+00,  0.000000E+00,  0.000000E+00
  5.150000E+03,  4.500114E-07,  0.000000E+00,  0.000000E+00,  0.000000E+00
  5.170000E+03,  4.376996E-07,  0.000000E+00,  0.000000E+00,  0.000000E+00
  5.190000E+03,  4.723922E-07,  0.000000E+00,  0.000000E+00,  0.000000E+00
  5.210000E+03,  4.871489E-07,  0.000000E+00,  0.000000E+00,  0.000000E+00
  5.230000E+03,  5.830867E-07,  0.000000E+00,  0.000000E+00,  0.000000E+00
  5.250000E+03,  6.045665E-07,  0.000000E+00,  0.000000E+00,  0.000000E+00
  5.270000E+03,  5.641887E-07,  0.000000E+00,  0.000000E+00,  0.000000E+00
  5.290000E+03,  6.369354E-07,  0.000000E+00,  0.000000E+00,  0.000000E+00
  5.310000E+03,  6.908318E-07,  0.000000E+00,  0.000000E+00,  0.000000E+00
  5.330000E+03,  6.304205E-07,  0.000000E+00,  0.000000E+00,  0.000000E+00
  5.350000E+03,  6.899939E-07,  0.000000E+00,  0.000000E+00,  0.000000E+00
  5.370000E+03,  7.000907E-07,  0.000000E+00,  0.000000E+00,  0.000000E+00
  5.390000E+03,  6.746362E-07,  0.000000E+00,  0.000000E+00,  0.000000E+00
  5.410000E+03,  6.876934E-07,  0.000000E+00,  0.000000E+00,  0.000000E+00
  5.430000E+03,  6.869113E-07,  0.000000E+00,  0.000000E+00,  0.000000E+00
  5.450000E+03,  7.246099E-07,  0.000000E+00,  0.000000E+00,  0.000000E+00
  5.470000E+03,  7.141365E-07,  0.000000E+00,  0.000000E+00,  0.000000E+00
  5.490000E+03,  7.223857E-07,  0.000000E+00,  0.000000E+00,  0.000000E+00
  5.510000E+03,  7.178550E-07,  0.000000E+00,  0.000000E+00,  0.000000E+00
  5.530000E+03,  7.644160E-07,  0.000000E+00,  0.000000E+00,  0.000000E+00
  5.550000E+03,  7.859968E-07,  0.000000E+00,  0.000000E+00,  0.000000E+00
  5.570000E+03,  7.748410E-07,  0.000000E+00,  0.000000E+00,  0.000000E+00
  5.590000E+03,  7.595996E-07,  0.000000E+00,  0.000000E+00,  0.000000E+00
  5.610000E+03,  7.933828E-07,  0.000000E+00,  0.000000E+00,  0.000000E+00
  5.630000E+03,  8.010951E-07,  0.000000E+00,  0.000000E+00,  0.000000E+00
  5.650000E+03,  8.161328E-07,  0.000000E+00,  0.000000E+00,  0.000000E+00
  5.670000E+03,  7.989853E-07,  0.000000E+00,  0.000000E+00,  0.000000E+00
  5.690000E+03,  8.377822E-07,  0.000000E+00,  0.000000E+00,  0.000000E+00
  5.710000E+03,  7.911136E-07,  0.000000E+00,  0.000000E+00,  0.000000E+00
  5.730000E+03,  8.663293E-07,  0.000000E+00,  0.000000E+00,  0.000000E+00
  5.750000E+03,  8.605698E-07,  0.000000E+00,  0.000000E+00,  0.000000E+00
  5.770000E+03,  8.812865E-07,  0.000000E+00,  0.000000E+00,  0.000000E+00
  5.790000E+03,  8.442612E-07,  0.000000E+00,  0.000000E+00,  0.000000E+00
  5.810000E+03,  8.878689E-07,  0.000000E+00,  0.000000E+00,  0.000000E+00
  5.830000E+03,  9.217555E-07,  0.000000E+00,  0.000000E+00,  0.000000E+00
  5.850000E+03,  8.989296E-07,  0.000000E+00,  0.000000E+00,  0.000000E+00
  5.870000E+03,  9.080701E-07,  0.000000E+00,  0.000000E+00,  0.000000E+00
  5.890000E+03,  8.083027E-07,  0.000000E+00,  0.000000E+00,  0.000000E+00
  5.910000E+03,  8.999542E-07,  0.000000E+00,  0.000000E+00,  0.000000E+00
  5.930000E+03,  9.095034E-07,  0.000000E+00,  0.000000E+00,  0.000000E+00
  5.950000E+03,  9.091605E-07,  0.000000E+00,  0.000000E+00,  0.000000E+00
  5.970000E+03,  9.484063E-07,  0.000000E+00,  0.000000E+00,  0.000000E+00
  5.990000E+03,  9.362727E-07,  0.000000E+00,  0.000000E+00,  0.000000E+00
  6.010000E+03,  9.272676E-07,  0.000000E+00,  0.000000E+00,  0.000000E+00
  6.030000E+03,  9.623772E-07,  0.000000E+00,  0.000000E+00,  0.000000E+00
  6.050000E+03,  9.824147E-07,  0.000000E+00,  0.000000E+00,  0.000000E+00
  6.070000E+03,  9.768175E-07,  0.000000E+00,  0.000000E+00,  0.000000E+00
  6.090000E+03,  9.541472E-07,  0.000000E+00,  0.000000E+00,  0.000000E+00
  6.110000E+03,  9.707583E-07,  0.000000E+00,  0.000000E+00,  0.000000E+00
  6.130000E+03,  9.198421E-07,  0.000000E+00,  0.000000E+00,  0.000000E+00
  6.150000E+03,  9.657315E-07,  0.000000E+00,  0.000000E+00,  0.000000E+00
  6.170000E+03,  9.186425E-07,  0.000000E+00,  0.000000E+00,  0.000000E+00
  6.190000E+03,  9.682583E-07,  0.000000E+00,  0.000000E+00,  0.000000E+00
  6.210000E+03,  9.564780E-07,  0.000000E+00,  0.000000E+00,  0.000000E+00
  6.230000E+03,  9.372400E-07,  0.000000E+00,  0.000000E+00,  0.000000E+00
  6.250000E+03,  9.020582E-07,  0.000000E+00,  0.000000E+00,  0.000000E+00
  6.270000E+03,  9.472941E-07,  0.000000E+00,  0.000000E+00,  0.000000E+00
  6.290000E+03,  9.806188E-07,  0.000000E+00,  0.000000E+00,  0.000000E+00
  6.310000E+03,  9.746685E-07,  0.000000E+00,  0.000000E+00,  0.000000E+00
  6.330000E+03,  1.001605E-06,  0.000000E+00,  0.000000E+00,  0.000000E+00
  6.350000E+03,  1.024816E-06,  0.000000E+00,  0.000000E+00,  0.000000E+00
  6.370000E+03,  1.023083E-06,  0.000000E+00,  0.000000E+00,  0.000000E+00
  6.390000E+03,  1.031780E-06,  0.000000E+00,  0.000000E+00,  0.000000E+00
  6.410000E+03,  1.020975E-06,  0.000000E+00,  0.000000E+00,  0.000000E+00
  6.430000E+03,  1.031359E-06,  0.000000E+00,  0.000000E+00,  0.000000E+00
  6.450000E+03,  1.038630E-06,  0.000000E+00,  0.000000E+00,  0.000000E+00
  6.470000E+03,  1.041588E-06,  0.000000E+00,  0.000000E+00,  0.000000E+00
  6.490000E+03,  1.016910E-06,  0.000000E+00,  0.000000E+00,  0.000000E+00
  6.510000E+03,  1.057121E-06,  0.000000E+00,  0.000000E+00,  0.000000E+00
  6.530000E+03,  1.075284E-06,  0.000000E+00,  0.000000E+00,  0.000000E+00
  6.550000E+03,  1.053186E-06,  0.000000E+00,  0.000000E+00,  0.000000E+00
  6.570000E+03,  1.053386E-06,  0.000000E+00,  0.000000E+00,  0.000000E+00
  6.590000E+03,  1.072560E-06,  0.000000E+00,  0.000000E+00,  0.000000E+00
  6.610000E+03,  1.074904E-06,  0.000000E+00,  0.000000E+00,  0.000000E+00
  6.630000E+03,  1.088972E-06,  0.000000E+00,  0.000000E+00,  0.000000E+00
  6.650000E+03,  1.083690E-06,  0.000000E+00,  0.000000E+00,  0.000000E+00
  6.670000E+03,  1.071462E-06,  0.000000E+00,  0.000000E+00,  0.000000E+00
  6.690000E+03,  1.098912E-06,  0.000000E+00,  0.000000E+00,  0.000000E+00
  6.710000E+03,  1.066175E-06,  0.000000E+00,  0.000000E+00,  0.000000E+00
  6.730000E+03,  1.099718E-06,  0.000000E+00,  0.000000E+00,  0.000000E+00
  6.750000E+03,  1.076929E-06,  0.000000E+00,  0.000000E+00,  0.000000E+00
  6.770000E+03,  1.099880E-06,  0.000000E+00,  0.000000E+00,  0.000000E+00
  6.790000E+03,  1.099143E-06,  0.000000E+00,  0.000000E+00,  0.000000E+00
  6.810000E+03,  1.103750E-06,  5.518751E-10,  0.000000E+00,  0.000000E+00
  6.830000E+03,  1.126917E-06,  1.690376E-09,  0.000000E+00,  0.000000E+00
  6.850000E+03,  1.109419E-06,  2.773547E-09,  0.000000E+00,  0.000000E+00
  6.870000E+03,  1.117963E-06,  3.912870E-09,  0.000000E+00,  0.000000E+00
  6.890000E+03,  1.143384E-06,  5.145230E-09,  0.000000E+00,  0.000000E+00
  6.910000E+03,  1.140249E-06,  6.271369E-09,  0.000000E+00,  0.000000E+00
  6.930000E+03,  1.132913E-06,  7.363935E-09,  0.000000E+00,  0.000000E+00
  6.950000E+03,  1.123822E-06,  8.428667E-09,  0.000000E+00,  0.000000E+00
  6.970000E+03,  1.143433E-06,  9.719184E-09,  0.000000E+00,  0.000000E+00
  6.990000E+03,  1.127300E-06,  1.070935E-08,  0.000000E+00,  0.000000E+00
  7.010000E+03,  1.120154E-06,  2.016277E-08,  0.000000E+00,  0.000000E+00
  7.030000E+03,  1.142937E-06,  3.885987E-08,  0.000000E+00,  0.000000E+00
  7.050000E+03,  1.147163E-06,  5.735815E-08,  0.000000E+00,  0.000000E+00
  7.070000E+03,  1.111393E-06,  7.335196E-08,  0.000000E+00,  0.000000E+00
  7.090000E+03,  1.107594E-06,  9.082271E-08,  0.000000E+00,  0.000000E+00
  7.110000E+03,  1.101164E-06,  1.079141E-07,  0.000000E+00,  0.000000E+00
  7.130000E+03,  1.076201E-06,  1.226869E-07,  0.000000E+00,  0.000000E+00
  7.150000E+03,  1.079472E-06,  1.403313E-07,  0.000000E+00,  0.000000E+00
  7.170000E+03,  1.113672E-06,  1.625961E-07,  0.000000E+00,  0.000000E+00
  7.190000E+03,  1.091080E-06,  1.767549E-07,  0.000000E+00,  0.000000E+00
  7.210000E+03,  1.106930E-06,  1.986939E-07,  0.000000E+00,  0.000000E+00
  7.230000E+03,  1.147454E-06,  2.277696E-07,  0.000000E+00,  0.000000E+00
  7.250000E+03,  1.138322E-06,  2.475850E-07,  0.000000E+00,  0.000000E+00
  7.270000E+03,  1.151387E-06,  2.723030E-07,  0.000000E+00,  0.000000E+00
  7.290000E+03,  1.143195E-06,  2.920863E-07,  0.000000E+00,  0.000000E+00
  7.310000E+03,  1.154087E-06,  3.167968E-07,  0.000000E+00,  0.000000E+00
  7.330000E+03,  1.156327E-06,  3.393820E-07,  0.000000E+00,  0.000000E+00
  7.350000E+03,  1.150919E-06,  3.596621E-07,  0.000000E+00,  0.000000E+00
  7.370000E+03,  1.182646E-06,  3.920473E-07,  0.000000E+00,  0.000000E+00
  7.390000E+03,  1.170340E-06,  4.102041E-07,  0.000000E+00,  0.000000E+00
  7.410000E+03,  1.159112E-06,  4.288715E-07,  0.000000E+00,  0.000000E+00
  7.430000E+03,  1.178048E-06,  4.594389E-07,  0.000000E+00,  0.000000E+00
  7.450000E+03,  1.184628E-06,  4.856976E-07,  0.000000E+00,  0.000000E+00
  7.470000E+03,  1.182262E-06,  5.083728E-07,  0.000000E+00,  0.000000E+00
  7.490000E+03,  1.180317E-06,  5.311424E-07,  0.000000E+00,  0.000000E+00
  7.510000E+03,  1.198465E-06,  5.632783E-07,  0.000000E+00,  0.000000E+00
  7.530000E+03,  1.203949E-06,  5.899348E-07,  0.000000E+00,  0.000000E+00
  7.550000E+03,  1.212705E-06,  6.184795E-07,  0.000000E+00,  0.000000E+00
  7.570000E+03,  1.208979E-06,  6.407589E-07,  0.000000E+00,  0.000000E+00
  7.590000E+03,  1.199260E-06,  6.595931E-07,  0.000000E+00,  0.000000E+00
  7.610000E+03,  1.206737E-06,  6.878403E-07,  0.000000E+00,  0.000000E+00
  7.630000E+03,  1.208734E-06,  7.131528E-07,  0.000000E+00,  0.000000E+00
  7.650000E+03,  1.213161E-06,  7.400280E-07,  0.000000E+00,  0.000000E+00
  7.670000E+03,  1.179127E-06,  7.428500E-07,  0.000000E+00,  0.000000E+00
  7.690000E+03,  1.215129E-06,  7.898336E-07,  0.000000E+00,  0.000000E+00
  7.710000E+03,  1.186853E-06,  7.951918E-07,  0.000000E+00,  0.000000E+00
  7.730000E+03,  1.198898E-06,  8.272397E-07,  0.000000E+00,  0.000000E+00
  7.750000E+03,  1.194785E-06,  8.482971E-07,  0.000000E+00,  0.000000E+00
  7.770000E+03,  1.219048E-06,  8.899048E-07,  0.000000E+00,  0.000000E+00
  7.790000E+03,  1.212351E-06,  9.092632E-07,  0.000000E+00,  0.000000E+00
  7.810000E+03,  1.225050E-06,  9.432884E-07,  0.000000E+00,  0.000000E+00
  7.830000E+03,  1.213585E-06,  9.587325E-07,  0.000000E+00,  0.000000E+00
  7.850000E+03,  1.207386E-06,  9.779830E-07,  0.000000E+00,  0.000000E+00
  7.870000E+03,  1.216900E-06,  1.010027E-06,  0.000000E+00,  0.000000E+00
  7.890000E+03,  1.190656E-06,  1.012057E-06,  0.000000E+00,  0.000000E+00
  7.910000E+03,  1.165007E-06,  1.013556E-06,  0.000000E+00,  0.000000E+00
  7.930000E+03,  1.173441E-06,  1.044362E-06,  0.000000E+00,  0.000000E+00
  7.950000E+03,  1.154538E-06,  1.050629E-06,  0.000000E+00,  0.000000E+00
  7.970000E+03,  1.198204E-06,  1.114330E-06,  0.000000E+00,  0.000000E+00
  7.990000E+03,  1.189041E-06,  1.129589E-06,  0.000000E+00,  0.000000E+00
  8.010000E+03,  1.194634E-06,  1.148044E-06,  0.000000E+00,  0.000000E+00
  8.030000E+03,  1.195364E-06,  1.151136E-06,  0.000000E+00,  0.000000E+00
  8.050000E+03,  1.189197E-06,  1.147575E-06,  0.000000E+00,  0.000000E+00
  8.070000E+03,  1.178911E-06,  1.140007E-06,  0.000000E+00,  0.000000E+00
  8.090000E+03,  1.165882E-06,  1.129740E-06,  0.000000E+00,  0.000000E+00
  8.110000E+03,  1.168083E-06,  1.134209E-06,  0.000000E+00,  0.000000E+00
  8.130000E+03,  1.185362E-06,  1.153358E-06,  0.000000E+00,  0.000000E+00
  8.150000E+03,  1.188748E-06,  1.159029E-06,  0.000000E+00,  0.000000E+00
  8.170000E+03,  1.191001E-06,  1.163608E-06,  0.000000E+00,  0.000000E+00
  8.190000E+03,  1.170494E-06,  1.145914E-06,  0.000000E+00,  0.000000E+00
  8.210000E+03,  1.166878E-06,  1.144124E-06,  0.000000E+00,  0.000000E+00
  8.230000E+03,  1.187513E-06,  1.165544E-06,  0.000000E+00,  0.000000E+00
  8.250000E+03,  1.187932E-06,  1.167143E-06,  0.000000E+00,  0.000000E+00
  8.270000E+03,  1.207460E-06,  1.187537E-06,  0.000000E+00,  0.000000E+00
  8.290000E+03,  1.199794E-06,  1.181197E-06,  0.000000E+00,  0.000000E+00
  8.310000E+03,  1.168941E-06,  1.151992E-06,  0.000000E+00,  0.000000E+00
  8.330000E+03,  1.169778E-06,  1.153986E-06,  0.000000E+00,  0.000000E+00
  8.350000E+03,  1.174096E-06,  1.159420E-06,  0.000000E+00,  0.000000E+00
  8.370000E+03,  1.179529E-06,  1.165964E-06,  0.000000E+00,  0.000000E+00
  8.390000E+03,  1.127399E-06,  1.115561E-06,  0.000000E+00,  0.000000E+00
  8.410000E+03,  1.185475E-06,  1.174213E-06,  0.000000E+00,  0.000000E+00
  8.430000E+03,  1.148776E-06,  1.139011E-06,  0.000000E+00,  0.000000E+00
  8.450000E+03,  1.187617E-06,  1.178710E-06,  0.000000E+00,  0.000000E+00
  8.470000E+03,  1.186834E-06,  1.179119E-06,  0.000000E+00,  0.000000E+00
  8.490000E+03,  1.177529E-06,  1.171052E-06,  0.000000E+00,  0.000000E+00
  8.510000E+03,  1.123422E-06,  1.118367E-06,  0.000000E+00,  0.000000E+00
  8.530000E+03,  1.174493E-06,  1.170382E-06,  0.000000E+00,  0.000000E+00
  8.550000E+03,  9.997648E-07,  9.972654E-07,  0.000000E+00,  0.000000E+00
  8.570000E+03,  1.203083E-06,  1.201279E-06,  0.000000E+00,  0.000000E+00
  8.590000E+03,  1.196085E-06,  1.195487E-06,  0.000000E+00,  0.000000E+00
  8.610000E+03,  1.195983E-06,  1.194788E-06,  0.000000E+00,  0.000000E+00
  8.630000E+03,  1.202112E-06,  1.198505E-06,  0.000000E+00,  0.000000E+00
  8.650000E+03,  1.201354E-06,  1.195347E-06,  0.000000E+00,  0.000000E+00
  8.670000E+03,  1.025904E-06,  1.018722E-06,  0.000000E+00,  0.000000E+00
  8.690000E+03,  1.160606E-06,  1.150161E-06,  0.000000E+00,  0.000000E+00
  8.710000E+03,  1.201731E-06,  1.188512E-06,  0.000000E+00,  0.000000E+00
  8.730000E+03,  1.204052E-06,  1.188399E-06,  0.000000E+00,  0.000000E+00
  8.750000E+03,  1.199983E-06,  1.181983E-06,  0.000000E+00,  0.000000E+00
  8.770000E+03,  1.204147E-06,  1.183677E-06,  0.000000E+00,  0.000000E+00
  8.790000E+03,  1.206217E-06,  1.183299E-06,  0.000000E+00,  0.000000E+00
  8.810000E+03,  1.182403E-06,  1.155799E-06,  0.000000E+00,  0.000000E+00
  8.830000E+03,  1.191849E-06,  1.159073E-06,  0.000000E+00,  0.000000E+00
  8.850000E+03,  1.204370E-06,  1.165228E-06,  0.000000E+00,  0.000000E+00
  8.870000E+03,  1.187640E-06,  1.143104E-06,  0.000000E+00,  0.000000E+00
  8.890000E+03,  1.205650E-06,  1.154410E-06,  0.000000E+00,  0.000000E+00
  8.910000E+03,  1.212984E-06,  1.155367E-06,  0.000000E+00,  0.000000E+00
  8.930000E+03,  1.193928E-06,  1.131247E-06,  0.000000E+00,  0.000000E+00
  8.950000E+03,  1.184554E-06,  1.116443E-06,  0.000000E+00,  0.000000E+00
  8.970000E+03,  1.193394E-06,  1.118807E-06,  0.000000E+00,  0.000000E+00
  8.990000E+03,  1.200029E-06,  1.119027E-06,  0.000000E+00,  0.000000E+00
  9.010000E+03,  1.159854E-06,  1.073445E-06,  0.000000E+00,  0.000000E+00
  9.030000E+03,  1.187380E-06,  1.088234E-06,  0.000000E+00,  0.000000E+00
  9.050000E+03,  1.206467E-06,  1.094869E-06,  0.000000E+00,  0.000000E+00
  9.070000E+03,  1.207255E-06,  1.084718E-06,  0.000000E+00,  0.000000E+00
  9.090000E+03,  1.168940E-06,  1.039772E-06,  0.000000E+00,  0.000000E+00
  9.110000E+03,  1.179029E-06,  1.038135E-06,  0.000000E+00,  0.000000E+00
  9.130000E+03,  1.191612E-06,  1.038490E-06,  0.000000E+00,  0.000000E+00
  9.150000E+03,  1.142828E-06,  9.856891E-07,  0.000000E+00,  0.000000E+00
  9.170000E+03,  1.124039E-06,  9.593669E-07,  0.000000E+00,  0.000000E+00
  9.190000E+03,  1.134333E-06,  9.579445E-07,  0.000000E+00,  0.000000E+00
  9.210000E+03,  1.118338E-06,  9.321345E-07,  0.000000E+00,  0.000000E+00
  9.230000E+03,  1.133174E-06,  9.297690E-07,  0.000000E+00,  0.000000E+00
  9.250000E+03,  1.125043E-06,  9.084720E-07,  0.000000E+00,  0.000000E+00
  9.270000E+03,  1.138036E-06,  9.041694E-07,  0.000000E+00,  0.000000E+00
  9.290000E+03,  1.126702E-06,  8.805177E-07,  0.000000E+00,  0.000000E+00
  9.310000E+03,  1.152247E-06,  8.855022E-07,  0.000000E+00,  0.000000E+00
  9.330000E+03,  1.155413E-06,  8.729148E-07,  0.000000E+00,  0.000000E+00
  9.350000E+03,  1.144856E-06,  8.500555E-07,  0.000000E+00,  0.000000E+00
  9.370000E+03,  1.128088E-06,  8.229399E-07,  0.000000E+00,  0.000000E+00
  9.390000E+03,  1.132107E-06,  8.111547E-07,  0.000000E+00,  0.000000E+00
  9.410000E+03,  1.120261E-06,  7.881036E-07,  0.000000E+00,  0.000000E+00
  9.430000E+03,  1.127584E-06,  7.785967E-07,  0.000000E+00,  0.000000E+00
  9.450000E+03,  1.110338E-06,  7.522538E-07,  0.000000E+00,  0.000000E+00
  9.470000E+03,  1.133466E-06,  7.531880E-07,  0.000000E+00,  0.000000E+00
  9.490000E+03,  1.130014E-06,  7.362040E-07,  0.000000E+00,  0.000000E+00
  9.510000E+03,  1.144604E-06,  7.308297E-07,  0.000000E+00,  0.000000E+00
  9.530000E+03,  1.136848E-06,  7.110982E-07,  0.000000E+00,  0.000000E+00
  9.550000E+03,  1.126021E-06,  6.896881E-07,  0.000000E+00,  0.000000E+00
  9.570000E+03,  1.130314E-06,  6.776233E-07,  0.000000E+00,  0.000000E+00
  9.590000E+03,  1.144954E-06,  6.715156E-07,  0.000000E+00,  0.000000E+00
  9.610000E+03,  1.131442E-06,  6.500137E-07,  0.000000E+00,  0.000000E+00
  9.630000E+03,  1.137458E-06,  6.409579E-07,  0.000000E+00,  0.000000E+00
  9.650000E+03,  1.103092E-06,  6.094584E-07,  0.000000E+00,  0.000000E+00
  9.670000E+03,  1.104757E-06,  5.982259E-07,  0.000000E+00,  0.000000E+00
  9.690000E+03,  1.125404E-06,  5.970270E-07,  0.000000E+00,  0.000000E+00
  9.710000E+03,  1.121186E-06,  5.824560E-07,  0.000000E+00,  0.000000E+00
  9.730000E+03,  1.112884E-06,  5.659015E-07,  0.000000E+00,  0.000000E+00
  9.750000E+03,  1.115298E-06,  5.548610E-07,  0.000000E+00,  0.000000E+00
  9.770000E+03,  1.123019E-06,  5.463486E-07,  0.000000E+00,  0.000000E+00
  9.790000E+03,  1.095690E-06,  5.210005E-07,  0.000000E+00,  0.000000E+00
  9.810000E+03,  1.138107E-06,  5.286509E-07,  0.000000E+00,  0.000000E+00
  9.830000E+03,  1.131874E-06,  5.133048E-07,  0.000000E+00,  0.000000E+00
  9.850000E+03,  1.141158E-06,  5.049626E-07,  0.000000E+00,  0.000000E+00
  9.870000E+03,  1.136948E-06,  4.905929E-07,  0.000000E+00,  0.000000E+00
  9.890000E+03,  1.139477E-06,  4.791499E-07,  0.000000E+00,  0.000000E+00
  9.910000E+03,  1.133976E-06,  4.643633E-07,  0.000000E+00,  0.000000E+00
  9.930000E+03,  1.138396E-06,  4.536509E-07,  0.000000E+00,  0.000000E+00
  9.950000E+03,  1.135970E-06,  4.401883E-07,  0.000000E+00,  0.000000E+00
  9.970000E+03,  1.139302E-06,  4.289474E-07,  0.000000E+00,  0.000000E+00
  9.990000E+03,  1.140907E-06,  4.170015E-07,  0.000000E+00,  0.000000E+00
  1.002500E+04,  1.128445E-06,  3.949558E-07,  0.000000E+00,  0.000000E+00
  1.007500E+04,  1.124226E-06,  3.709946E-07,  0.000000E+00,  0.000000E+00
  1.012500E+04,  1.126616E-06,  3.492508E-07,  0.000000E+00,  0.000000E+00
  1.017500E+04,  1.116722E-06,  3.238494E-07,  0.000000E+00,  0.000000E+00
  1.022500E+04,  1.121474E-06,  3.027980E-07,  0.000000E+00,  0.000000E+00
  1.027500E+04,  1.123533E-06,  2.808833E-07,  0.000000E+00,  0.000000E+00
  1.032500E+04,  1.107170E-06,  2.546490E-07,  0.000000E+00,  0.000000E+00
  1.037500E+04,  1.104075E-06,  2.318558E-07,  0.000000E+00,  0.000000E+00
  1.042500E+04,  1.111124E-06,  2.152802E-07,  0.000000E+00,  0.000000E+00
  1.047500E+04,  1.102550E-06,  1.998372E-07,  0.000000E+00,  0.000000E+00
  1.052500E+04,  1.106126E-06,  1.866587E-07,  0.000000E+00,  0.000000E+00
  1.057500E+04,  1.095289E-06,  1.711389E-07,  0.000000E+00,  0.000000E+00
  1.062500E+04,  1.093351E-06,  1.571692E-07,  0.000000E+00,  0.000000E+00
  1.067500E+04,  1.081329E-06,  1.419244E-07,  0.000000E+00,  0.000000E+00
  1.072500E+04,  1.081958E-06,  1.284825E-07,  0.000000E+00,  0.000000E+00
  1.077500E+04,  1.076695E-06,  1.143988E-07,  0.000000E+00,  0.000000E+00
  1.082500E+04,  1.067454E-06,  1.040767E-07,  0.000000E+00,  0.000000E+00
  1.087500E+04,  1.061969E-06,  9.823209E-08,  0.000000E+00,  0.000000E+00
  1.092500E+04,  1.047419E-06,  9.164920E-08,  0.000000E+00,  0.000000E+00
  1.097500E+04,  1.000735E-06,  8.256060E-08,  0.000000E+00,  0.000000E+00
  1.102500E+04,  9.974253E-07,  7.605368E-08,  0.000000E+00,  0.000000E+00
  1.107500E+04,  1.009544E-06,  6.940618E-08,  0.000000E+00,  0.000000E+00
  1.112500E+04,  1.009027E-06,  6.180288E-08,  0.000000E+00,  0.000000E+00
  1.117500E+04,  1.016466E-06,  5.463505E-08,  0.000000E+00,  0.000000E+00
  1.122500E+04,  1.018865E-06,  4.839607E-08,  0.000000E+00,  0.000000E+00
  1.127500E+04,  1.007898E-06,  4.283567E-08,  0.000000E+00,  0.000000E+00
  1.132500E+04,  1.015816E-06,  3.809310E-08,  0.000000E+00,  0.000000E+00
  1.137500E+04,  9.995144E-07,  3.248422E-08,  0.000000E+00,  0.000000E+00
  1.142500E+04,  1.003696E-06,  2.885625E-08,  0.000000E+00,  0.000000E+00
  1.147500E+04,  1.013320E-06,  2.659964E-08,  0.000000E+00,  0.000000E+00
  1.152500E+04,  1.015340E-06,  2.411433E-08,  0.000000E+00,  0.000000E+00
  1.157500E+04,  1.006779E-06,  2.139406E-08,  0.000000E+00,  0.000000E+00
  1.162500E+04,  9.951215E-07,  1.865853E-08,  0.000000E+00,  0.000000E+00
  1.167500E+04,  9.997099E-07,  1.624529E-08,  0.000000E+00,  0.000000E+00
  1.172500E+04,  1.011567E-06,  1.390904E-08,  0.000000E+00,  0.000000E+00
  1.177500E+04,  9.959350E-07,  1.120427E-08,  0.000000E+00,  0.000000E+00
  1.182500E+04,  9.954767E-07,  8.710421E-09,  0.000000E+00,  0.000000E+00
  1.187500E+04,  9.838189E-07,  6.148868E-09,  0.000000E+00,  0.000000E+00
  1.192500E+04,  1.000149E-06,  3.750560E-09,  0.000000E+00,  0.000000E+00
  1.197500E+04,  9.704868E-07,  1.213109E-09,  0.000000E+00,  0.000000E+00
  1.202500E+04,  9.881267E-07,  0.000000E+00,  0.000000E+00,  0.000000E+00
  1.207500E+04,  9.836468E-07,  0.000000E+00,  0.000000E+00,  0.000000E+00
  1.212500E+04,  9.858776E-07,  0.000000E+00,  0.000000E+00,  0.000000E+00
  1.217500E+04,  9.859908E-07,  0.000000E+00,  0.000000E+00,  0.000000E+00
  1.222500E+04,  9.837747E-07,  0.000000E+00,  0.000000E+00,  0.000000E+00
  1.227500E+04,  9.794740E-07,  0.000000E+00,  0.000000E+00,  0.000000E+00
  1.232500E+04,  9.772816E-07,  0.000000E+00,  0.000000E+00,  0.000000E+00
  1.237500E+04,  9.747263E-07,  0.000000E+00,  0.000000E+00,  0.000000E+00
  1.242500E+04,  9.722648E-07,  0.000000E+00,  0.000000E+00,  0.000000E+00
  1.247500E+04,  9.710445E-07,  0.000000E+00,  0.000000E+00,  0.000000E+00
  1.252500E+04,  9.658977E-07,  0.000000E+00,  0.000000E+00,  0.000000E+00
  1.257500E+04,  9.647960E-07,  0.000000E+00,  0.000000E+00,  0.000000E+00
  1.262500E+04,  9.618465E-07,  0.000000E+00,  0.000000E+00,  0.000000E+00
  1.267500E+04,  9.590361E-07,  0.000000E+00,  0.000000E+00,  0.000000E+00
  1.272500E+04,  9.594127E-07,  0.000000E+00,  0.000000E+00,  0.000000E+00
  1.277500E+04,  9.586356E-07,  0.000000E+00,  0.000000E+00,  0.000000E+00
  1.282500E+04,  9.389676E-07,  0.000000E+00,  0.000000E+00,  0.000000E+00
  1.287500E+04,  9.468699E-07,  0.000000E+00,  0.000000E+00,  0.000000E+00
  1.292500E+04,  9.394249E-07,  0.000000E+00,  0.000000E+00,  0.000000E+00
  1.297500E+04,  9.482701E-07,  0.000000E+00,  0.000000E+00,  0.000000E+00
  1.302500E+04,  9.461926E-07,  0.000000E+00,  0.000000E+00,  0.000000E+00
  1.307500E+04,  9.468220E-07,  0.000000E+00,  0.000000E+00,  0.000000E+00
  1.312500E+04,  9.367683E-07,  0.000000E+00,  0.000000E+00,  0.000000E+00
  1.317500E+04,  9.363506E-07,  0.000000E+00,  0.000000E+00,  0.000000E+00
  1.322500E+04,  9.383310E-07,  0.000000E+00,  0.000000E+00,  0.000000E+00
  1.327500E+04,  9.276620E-07,  0.000000E+00,  0.000000E+00,  0.000000E+00
  1.332500E+04,  9.320736E-07,  0.000000E+00,  0.000000E+00,  0.000000E+00
  1.337500E+04,  9.323384E-07,  0.000000E+00,  0.000000E+00,  0.000000E+00
  1.342500E+04,  9.335037E-07,  0.000000E+00,  0.000000E+00,  0.000000E+00
  1.347500E+04,  9.334558E-07,  0.000000E+00,  0.000000E+00,  0.000000E+00
  1.352500E+04,  9.315556E-07,  0.000000E+00,  0.000000E+00,  0.000000E+00
  1.357500E+04,  9.242843E-07,  0.000000E+00,  0.000000E+00,  0.000000E+00
  1.362500E+04,  9.175130E-07,  0.000000E+00,  0.000000E+00,  0.000000E+00
  1.367500E+04,  9.255709E-07,  0.000000E+00,  0.000000E+00,  0.000000E+00
  1.372500E+04,  9.294212E-07,  0.000000E+00,  0.000000E+00,  0.000000E+00
  1.377500E+04,  9.258365E-07,  0.000000E+00,  0.000000E+00,  0.000000E+00
  1.382500E+04,  9.280904E-07,  0.000000E+00,  0.000000E+00,  0.000000E+00
  1.387500E+04,  9.170822E-07,  0.000000E+00,  0.000000E+00,  0.000000E+00
  1.392500E+04,  8.803691E-07,  0.000000E+00,  0.000000E+00,  0.000000E+00
  1.397500E+04,  8.990366E-07,  0.000000E+00,  0.000000E+00,  0.000000E+00
  1.402500E+04,  8.989451E-07,  0.000000E+00,  0.000000E+00,  0.000000E+00
  1.407500E+04,  8.953529E-07,  0.000000E+00,  0.000000E+00,  0.000000E+00
  1.412500E+04,  8.795955E-07,  0.000000E+00,  0.000000E+00,  0.000000E+00
  1.417500E+04,  8.807659E-07,  0.000000E+00,  0.000000E+00,  0.000000E+00
  1.422500E+04,  8.815403E-07,  0.000000E+00,  0.000000E+00,  0.000000E+00
  1.427500E+04,  8.774592E-07,  0.000000E+00,  0.000000E+00,  0.000000E+00
  1.432500E+04,  8.863722E-07,  0.000000E+00,  0.000000E+00,  0.000000E+00
  1.437500E+04,  8.900704E-07,  0.000000E+00,  0.000000E+00,  0.000000E+00
  1.442500E+04,  8.846638E-07,  0.000000E+00,  0.000000E+00,  0.000000E+00
  1.447500E+04,  9.027630E-07,  0.000000E+00,  0.000000E+00,  0.000000E+00
  1.452500E+04,  8.876821E-07,  0.000000E+00,  0.000000E+00,  0.000000E+00
  1.457000E+04,  8.856094E-07,  0.000000E+00,  0.000000E+00,  0.000000E+00
  1.462000E+04,  8.608371E-07,  0.000000E+00,  0.000000E+00,  0.000000E+00
  1.467500E+04,  8.650677E-07,  0.000000E+00,  0.000000E+00,  0.000000E+00
  1.472500E+04,  8.720452E-07,  0.000000E+00,  0.000000E+00,  0.000000E+00
  1.477500E+04,  8.811081E-07,  0.000000E+00,  0.000000E+00,  0.000000E+00
  1.482500E+04,  8.876385E-07,  0.000000E+00,  0.000000E+00,  0.000000E+00
  1.487500E+04,  8.859388E-07,  0.000000E+00,  0.000000E+00,  0.000000E+00
  1.492500E+04,  9.032458E-07,  0.000000E+00,  0.000000E+00,  0.000000E+00
  1.497500E+04,  9.103227E-07,  0.000000E+00,  0.000000E+00,  0.000000E+00
  1.502500E+04,  8.892383E-07,  0.000000E+00,  0.000000E+00,  0.000000E+00
  1.507500E+04,  8.910324E-07,  0.000000E+00,  0.000000E+00,  0.000000E+00
  1.512500E+04,  8.989906E-07,  0.000000E+00,  0.000000E+00,  0.000000E+00
  1.517500E+04,  9.098813E-07,  0.000000E+00,  0.000000E+00,  0.000000E+00
  1.522500E+04,  9.155065E-07,  0.000000E+00,  0.000000E+00,  0.000000E+00
  1.527500E+04,  9.046935E-07,  0.000000E+00,  0.000000E+00,  0.000000E+00
  1.532500E+04,  9.220971E-07,  0.000000E+00,  0.000000E+00,  0.000000E+00
  1.537500E+04,  9.126847E-07,  0.000000E+00,  0.000000E+00,  0.000000E+00
  1.542500E+04,  9.057546E-07,  0.000000E+00,  0.000000E+00,  0.000000E+00
  1.547500E+04,  9.359790E-07,  0.000000E+00,  0.000000E+00,  0.000000E+00
  1.552500E+04,  9.194545E-07,  0.000000E+00,  0.000000E+00,  0.000000E+00
  1.557500E+04,  8.966323E-07,  0.000000E+00,  0.000000E+00,  0.000000E+00
  1.562500E+04,  9.241431E-07,  0.000000E+00,  0.000000E+00,  0.000000E+00
  1.567500E+04,  9.331756E-07,  0.000000E+00,  0.000000E+00,  0.000000E+00
  1.572500E+04,  9.260672E-07,  0.000000E+00,  0.000000E+00,  0.000000E+00
  1.577500E+04,  8.846369E-07,  0.000000E+00,  0.000000E+00,  0.000000E+00
  1.582500E+04,  9.151546E-07,  0.000000E+00,  0.000000E+00,  0.000000E+00
  1.587500E+04,  9.090619E-07,  0.000000E+00,  0.000000E+00,  0.000000E+00
  1.592500E+04,  9.397244E-07,  0.000000E+00,  0.000000E+00,  0.000000E+00
  1.597500E+04,  9.166671E-07,  0.000000E+00,  0.000000E+00,  0.000000E+00
  1.605000E+04,  9.153802E-07,  0.000000E+00,  0.000000E+00,  0.000000E+00
  1.615000E+04,  9.299716E-07,  0.000000E+00,  0.000000E+00,  0.000000E+00
  1.625000E+04,  9.056432E-07,  0.000000E+00,  0.000000E+00,  0.000000E+00
  1.635000E+04,  9.274048E-07,  0.000000E+00,  0.000000E+00,  0.000000E+00
  1.645000E+04,  8.817001E-07,  0.000000E+00,  0.000000E+00,  0.000000E+00
  1.655000E+04,  9.077546E-07,  0.000000E+00,  0.000000E+00,  0.000000E+00
  1.665000E+04,  8.667793E-07,  0.000000E+00,  0.000000E+00,  0.000000E+00
  1.675000E+04,  8.686243E-07,  0.000000E+00,  0.000000E+00,  0.000000E+00
  1.685000E+04,  8.415045E-07,  0.000000E+00,  0.000000E+00,  0.000000E+00
  1.695000E+04,  8.476500E-07,  0.000000E+00,  0.000000E+00,  0.000000E+00
  1.705000E+04,  8.230445E-07,  0.000000E+00,  0.000000E+00,  0.000000E+00
  1.715000E+04,  8.077142E-07,  0.000000E+00,  0.000000E+00,  0.000000E+00
  1.725000E+04,  8.003386E-07,  0.000000E+00,  0.000000E+00,  0.000000E+00
  1.735000E+04,  7.739508E-07,  0.000000E+00,  0.000000E+00,  0.000000E+00
  1.745000E+04,  7.747497E-07,  0.000000E+00,  0.000000E+00,  0.000000E+00
  1.755000E+04,  7.552565E-07,  0.000000E+00,  0.000000E+00,  0.000000E+00
  1.765000E+04,  7.460195E-07,  0.000000E+00,  0.000000E+00,  0.000000E+00
  1.775000E+04,  7.338468E-07,  0.000000E+00,  0.000000E+00,  0.000000E+00
  1.785000E+04,  7.184112E-07,  0.000000E+00,  0.000000E+00,  0.000000E+00
  1.795000E+04,  7.141719E-07,  0.000000E+00,  0.000000E+00,  0.000000E+00
  1.805000E+04,  6.892227E-07,  0.000000E+00,  0.000000E+00,  0.000000E+00
  1.815000E+04,  6.833245E-07,  0.000000E+00,  0.000000E+00,  0.000000E+00
  1.825000E+04,  6.652660E-07,  0.000000E+00,  0.000000E+00,  0.000000E+00
  1.835000E+04,  6.615091E-07,  0.000000E+00,  0.000000E+00,  0.000000E+00
  1.845000E+04,  6.441245E-07,  0.000000E+00,  0.000000E+00,  0.000000E+00
  1.855000E+04,  6.325269E-07,  0.000000E+00,  0.000000E+00,  0.000000E+00
  1.865000E+04,  6.232831E-07,  0.000000E+00,  0.000000E+00,  0.000000E+00
  1.875000E+04,  6.062950E-07,  0.000000E+00,  0.000000E+00,  0.000000E+00
  1.885000E+04,  6.000447E-07,  0.000000E+00,  0.000000E+00,  0.000000E+00
  1.895000E+04,  5.855590E-07,  0.000000E+00,  0.000000E+00,  0.000000E+00
  1.905000E+04,  5.819716E-07,  0.000000E+00,  0.000000E+00,  0.000000E+00
  1.915000E+04,  5.711901E-07,  0.000000E+00,  0.000000E+00,  0.000000E+00
  1.925000E+04,  5.649156E-07,  0.000000E+00,  0.000000E+00,  0.000000E+00
  1.935000E+04,  5.472439E-07,  0.000000E+00,  0.000000E+00,  0.000000E+00
  1.945000E+04,  5.368914E-07,  0.000000E+00,  0.000000E+00,  0.000000E+00
  1.955000E+04,  5.314354E-07,  0.000000E+00,  0.000000E+00,  0.000000E+00
  1.965000E+04,  5.208110E-07,  0.000000E+00,  0.000000E+00,  0.000000E+00
  1.975000E+04,  5.069775E-07,  0.000000E+00,  0.000000E+00,  0.000000E+00
  1.985000E+04,  5.000083E-07,  0.000000E+00,  0.000000E+00,  0.000000E+00
  1.995000E+04,  4.906848E-07,  0.000000E+00,  0.000000E+00,  0.000000E+00
  2.005000E+04,  4.883732E-07,  0.000000E+00,  0.000000E+00,  0.000000E+00
  2.015000E+04,  4.804789E-07,  0.000000E+00,  0.000000E+00,  0.000000E+00
  2.025000E+04,  4.687243E-07,  0.000000E+00,  0.000000E+00,  0.000000E+00
  2.035000E+04,  4.624547E-07,  0.000000E+00,  0.000000E+00,  0.000000E+00
  2.045000E+04,  4.575572E-07,  0.000000E+00,  0.000000E+00,  0.000000E+00
  2.055000E+04,  4.463755E-07,  0.000000E+00,  0.000000E+00,  0.000000E+00
  2.065000E+04,  4.387037E-07,  0.000000E+00,  0.000000E+00,  0.000000E+00
  2.075000E+04,  4.327384E-07,  0.000000E+00,  0.000000E+00,  0.000000E+00
  2.085000E+04,  4.254185E-07,  0.000000E+00,  0.000000E+00,  0.000000E+00
  2.095000E+04,  4.172587E-07,  0.000000E+00,  0.000000E+00,  0.000000E+00
  2.105000E+04,  4.126626E-07,  0.000000E+00,  0.000000E+00,  0.000000E+00
  2.115000E+04,  4.062626E-07,  0.000000E+00,  0.000000E+00,  0.000000E+00
  2.125000E+04,  3.996171E-07,  0.000000E+00,  0.000000E+00,  0.000000E+00
  2.135000E+04,  3.936311E-07,  0.000000E+00,  0.000000E+00,  0.000000E+00
  2.145000E+04,  3.875012E-07,  0.000000E+00,  0.000000E+00,  0.000000E+00
  2.155000E+04,  3.815200E-07,  0.000000E+00,  0.000000E+00,  0.000000E+00
  2.165000E+04,  3.739978E-07,  0.000000E+00,  0.000000E+00,  0.000000E+00
  2.175000E+04,  3.677332E-07,  0.000000E+00,  0.000000E+00,  0.000000E+00
  2.185000E+04,  3.625686E-07,  0.000000E+00,  0.000000E+00,  0.000000E+00
  2.195000E+04,  3.578511E-07,  0.000000E+00,  0.000000E+00,  0.000000E+00
  2.205000E+04,  3.487693E-07,  0.000000E+00,  0.000000E+00,  0.000000E+00
  2.215000E+04,  3.483823E-07,  0.000000E+00,  0.000000E+00,  0.000000E+00
  2.225000E+04,  3.380577E-07,  0.000000E+00,  0.000000E+00,  0.000000E+00
  2.235000E+04,  3.348726E-07,  0.000000E+00,  0.000000E+00,  0.000000E+00
  2.245000E+04,  3.304247E-07,  0.000000E+00,  0.000000E+00,  0.000000E+00
  2.255000E+04,  3.260818E-07,  0.000000E+00,  0.000000E+00,  0.000000E+00
  2.265000E+04,  3.194332E-07,  0.000000E+00,  0.000000E+00,  0.000000E+00
  2.275000E+04,  3.166382E-07,  0.000000E+00,  0.000000E+00,  0.000000E+00
  2.285000E+04,  3.107213E-07,  0.000000E+00,  0.000000E+00,  0.000000E+00
  2.295000E+04,  2.588582E-07,  0.000000E+00,  0.000000E+00,  0.000000E+00
  2.305000E+04,  2.803005E-07,  0.000000E+00,  0.000000E+00,  0.000000E+00
  2.315000E+04,  2.779197E-07,  0.000000E+00,  0.000000E+00,  0.000000E+00
  2.325000E+04,  2.348140E-07,  0.000000E+00,  0.000000E+00,  0.000000E+00
  2.335000E+04,  2.551949E-07,  0.000000E+00,  0.000000E+00,  0.000000E+00
  2.345000E+04,  2.507006E-07,  0.000000E+00,  0.000000E+00,  0.000000E+00
  2.355000E+04,  2.123791E-07,  0.000000E+00,  0.000000E+00,  0.000000E+00
  2.365000E+04,  2.360693E-07,  0.000000E+00,  0.000000E+00,  0.000000E+00
  2.375000E+04,  2.308249E-07,  0.000000E+00,  0.000000E+00,  0.000000E+00
  2.385000E+04,  2.014614E-07,  0.000000E+00,  0.000000E+00,  0.000000E+00
  2.395000E+04,  2.199427E-07,  0.000000E+00,  0.000000E+00,  0.000000E+00
  2.405000E+04,  2.195226E-07,  0.000000E+00,  0.000000E+00,  0.000000E+00
  2.415000E+04,  1.952841E-07,  0.000000E+00,  0.000000E+00,  0.000000E+00
  2.425000E+04,  2.090489E-07,  0.000000E+00,  0.000000E+00,  0.000000E+00
  2.435000E+04,  2.095522E-07,  0.000000E+00,  0.000000E+00,  0.000000E+00
  2.445000E+04,  1.933489E-07,  0.000000E+00,  0.000000E+00,  0.000000E+00
  2.455000E+04,  1.943037E-07,  0.000000E+00,  0.000000E+00,  0.000000E+00
  2.465000E+04,  2.023116E-07,  0.000000E+00,  0.000000E+00,  0.000000E+00
  2.475000E+04,  1.932182E-07,  0.000000E+00,  0.000000E+00,  0.000000E+00
  2.485000E+04,  1.827919E-07,  0.000000E+00,  0.000000E+00,  0.000000E+00
  2.495000E+04,  1.911260E-07,  0.000000E+00,  0.000000E+00,  0.000000E+00
  2.505000E+04,  1.931968E-07,  0.000000E+00,  0.000000E+00,  0.000000E+00
  2.515000E+04,  1.766229E-07,  0.000000E+00,  0.000000E+00,  0.000000E+00
  2.525000E+04,  1.769263E-07,  0.000000E+00,  0.000000E+00,  0.000000E+00
  2.535000E+04,  1.820623E-07,  0.000000E+00,  0.000000E+00,  0.000000E+00
  2.545000E+04,  1.794276E-07,  0.000000E+00,  0.000000E+00,  0.000000E+00
  2.555000E+04,  1.767061E-07,  0.000000E+00,  0.000000E+00,  0.000000E+00
  2.565000E+04,  1.777014E-07,  0.000000E+00,  0.000000E+00,  0.000000E+00
  2.575000E+04,  1.781679E-07,  0.000000E+00,  0.000000E+00,  0.000000E+00
  2.585000E+04,  1.686624E-07,  0.000000E+00,  0.000000E+00,  0.000000E+00
  2.595000E+04,  1.717567E-07,  0.000000E+00,  0.000000E+00,  0.000000E+00
  2.605000E+04,  1.715177E-07,  0.000000E+00,  0.000000E+00,  0.000000E+00
  2.615000E+04,  1.702368E-07,  0.000000E+00,  0.000000E+00,  0.000000E+00
  2.625000E+04,  1.659500E-07,  0.000000E+00,  0.000000E+00,  0.000000E+00
  2.635000E+04,  1.671494E-07,  0.000000E+00,  0.000000E+00,  0.000000E+00
  2.645000E+04,  1.671351E-07,  0.000000E+00,  0.000000E+00,  0.000000E+00
  2.655000E+04,  1.570098E-07,  0.000000E+00,  0.000000E+00,  0.000000E+00
  2.665000E+04,  1.578980E-07,  0.000000E+00,  0.000000E+00,  0.000000E+00
  2.675000E+04,  1.620768E-07,  0.000000E+00,  0.000000E+00,  0.000000E+00
  2.685000E+04,  1.593219E-07,  0.000000E+00,  0.000000E+00,  0.000000E+00
  2.695000E+04,  1.553214E-07,  0.000000E+00,  0.000000E+00,  0.000000E+00
  2.705000E+04,  1.563738E-07,  0.000000E+00,  0.000000E+00,  0.000000E+00
  2.715000E+04,  1.541084E-07,  0.000000E+00,  0.000000E+00,  0.000000E+00
  2.725000E+04,  1.546088E-07,  0.000000E+00,  0.000000E+00,  0.000000E+00
  2.735000E+04,  1.504588E-07,  0.000000E+00,  0.000000E+00,  0.000000E+00
  2.745000E+04,  1.502916E-07,  0.000000E+00,  0.000000E+00,  0.000000E+00
  2.755000E+04,  1.495721E-07,  0.000000E+00,  0.000000E+00,  0.000000E+00
  2.765000E+04,  1.475152E-07,  0.000000E+00,  0.000000E+00,  0.000000E+00
  2.775000E+04,  1.459160E-07,  0.000000E+00,  0.000000E+00,  0.000000E+00
  2.785000E+04,  1.443372E-07,  0.000000E+00,  0.000000E+00,  0.000000E+00
  2.795000E+04,  1.405128E-07,  0.000000E+00,  0.000000E+00,  0.000000E+00
  2.805000E+04,  1.353344E-07,  0.000000E+00,  0.000000E+00,  0.000000E+00
  2.815000E+04,  1.369957E-07,  0.000000E+00,  0.000000E+00,  0.000000E+00
  2.825000E+04,  1.373003E-07,  0.000000E+00,  0.000000E+00,  0.000000E+00
  2.835000E+04,  1.366178E-07,  0.000000E+00,  0.000000E+00,  0.000000E+00
  2.845000E+04,  1.357742E-07,  0.000000E+00,  0.000000E+00,  0.000000E+00
  2.855000E+04,  1.331854E-07,  0.000000E+00,  0.000000E+00,  0.000000E+00
  2.865000E+04,  1.321676E-07,  0.000000E+00,  0.000000E+00,  0.000000E+00
  2.875000E+04,  1.312876E-07,  0.000000E+00,  0.000000E+00,  0.000000E+00
  2.885000E+04,  1.296198E-07,  0.000000E+00,  0.000000E+00,  0.000000E+00
  2.895000E+04,  1.287633E-07,  0.000000E+00,  0.000000E+00,  0.000000E+00
  2.905000E+04,  1.260449E-07,  0.000000E+00,  0.000000E+00,  0.000000E+00
  2.915000E+04,  1.267758E-07,  0.000000E+00,  0.000000E+00,  0.000000E+00
  2.925000E+04,  1.225732E-07,  0.000000E+00,  0.000000E+00,  0.000000E+00
  2.935000E+04,  1.218450E-07,  0.000000E+00,  0.000000E+00,  0.000000E+00
  2.945000E+04,  1.179738E-07,  0.000000E+00,  0.000000E+00,  0.000000E+00
  2.955000E+04,  1.195146E-07,  0.000000E+00,  0.000000E+00,  0.000000E+00
  2.965000E+04,  1.158828E-07,  0.000000E+00,  0.000000E+00,  0.000000E+00
  2.975000E+04,  1.167156E-07,  0.000000E+00,  0.000000E+00,  0.000000E+00
  2.985000E+04,  1.154167E-07,  0.000000E+00,  0.000000E+00,  0.000000E+00
  2.995000E+04,  1.145748E-07,  0.000000E+00,  0.000000E+00,  0.000000E+00
  3.005000E+04,  1.112378E-07,  0.000000E+00,  0.000000E+00,  0.000000E+00
  3.015000E+04,  1.123345E-07,  0.000000E+00,  0.000000E+00,  0.000000E+00
  3.025000E+04,  1.105253E-07,  0.000000E+00,  0.000000E+00,  0.000000E+00
  3.035000E+04,  1.099553E-07,  0.000000E+00,  0.000000E+00,  0.000000E+00
  3.045000E+04,  1.055694E-07,  0.000000E+00,  0.000000E+00,  0.000000E+00
  3.055000E+04,  1.075318E-07,  0.000000E+00,  0.000000E+00,  0.000000E+00
  3.065000E+04,  1.058633E-07,  0.000000E+00,  0.000000E+00,  0.000000E+00
  3.075000E+04,  1.044698E-07,  0.000000E+00,  0.000000E+00,  0.000000E+00
  3.085000E+04,  1.024799E-07,  0.000000E+00,  0.000000E+00,  0.000000E+00
  3.095000E+04,  1.009277E-07,  0.000000E+00,  0.000000E+00,  0.000000E+00
  3.105000E+04,  1.011250E-07,  0.000000E+00,  0.000000E+00,  0.000000E+00
  3.115000E+04,  9.880667E-08,  0.000000E+00,  0.000000E+00,  0.000000E+00
  3.125000E+04,  9.905200E-08,  0.000000E+00,  0.000000E+00,  0.000000E+00
  3.135000E+04,  9.525838E-08,  0.000000E+00,  0.000000E+00,  0.000000E+00
  3.145000E+04,  9.606791E-08,  0.000000E+00,  0.000000E+00,  0.000000E+00
  3.155000E+04,  9.509158E-08,  0.000000E+00,  0.000000E+00,  0.000000E+00
  3.165000E+04,  9.488181E-08,  0.000000E+00,  0.000000E+00,  0.000000E+00
  3.175000E+04,  9.270719E-08,  0.000000E+00,  0.000000E+00,  0.000000E+00
  3.185000E+04,  9.159439E-08,  0.000000E+00,  0.000000E+00,  0.000000E+00
  3.195000E+04,  9.037219E-08,  0.000000E+00,  0.000000E+00,  0.000000E+00
  3.210000E+04,  9.031910E-08,  0.000000E+00,  0.000000E+00,  0.000000E+00
  3.230000E+04,  8.641624E-08,  0.000000E+00,  0.000000E+00,  0.000000E+00
  3.250000E+04,  8.605107E-08,  0.000000E+00,  0.000000E+00,  0.000000E+00
  3.270000E+04,  8.389633E-08,  0.000000E+00,  0.000000E+00,  0.000000E+00
  3.290000E+04,  8.096362E-08,  0.000000E+00,  0.000000E+00,  0.000000E+00
  3.310000E+04,  8.047567E-08,  0.000000E+00,  0.000000E+00,  0.000000E+00
  3.330000E+04,  7.771324E-08,  0.000000E+00,  0.000000E+00,  0.000000E+00
  3.350000E+04,  7.662131E-08,  0.000000E+00,  0.000000E+00,  0.000000E+00
  3.370000E+04,  7.555802E-08,  0.000000E+00,  0.000000E+00,  0.000000E+00
  3.390000E+04,  7.241823E-08,  0.000000E+00,  0.000000E+00,  0.000000E+00
  3.410000E+04,  7.200566E-08,  0.000000E+00,  0.000000E+00,  0.000000E+00
  3.430000E+04,  7.110912E-08,  0.000000E+00,  0.000000E+00,  0.000000E+00
  3.450000E+04,  6.794853E-08,  0.000000E+00,  0.000000E+00,  0.000000E+00
  3.470000E+04,  6.773457E-08,  0.000000E+00,  0.000000E+00,  0.000000E+00
  3.490000E+04,  6.658549E-08,  0.000000E+00,  0.000000E+00,  0.000000E+00
  3.510000E+04,  6.422525E-08,  0.000000E+00,  0.000000E+00,  0.000000E+00
  3.530000E+04,  6.313669E-08,  0.000000E+00,  0.000000E+00,  0.000000E+00
  3.550000E+04,  6.247855E-08,  0.000000E+00,  0.000000E+00,  0.000000E+00
  3.570000E+04,  6.023185E-08,  0.000000E+00,  0.000000E+00,  0.000000E+00
  3.590000E+04,  5.921802E-08,  0.000000E+00,  0.000000E+00,  0.000000E+00
  3.610000E+04,  5.888347E-08,  0.000000E+00,  0.000000E+00,  0.000000E+00
  3.630000E+04,  5.687553E-08,  0.000000E+00,  0.000000E+00,  0.000000E+00
  3.650000E+04,  5.597014E-08,  0.000000E+00,  0.000000E+00,  0.000000E+00
  3.670000E+04,  5.494352E-08,  0.000000E+00,  0.000000E+00,  0.000000E+00
  3.690000E+04,  5.381468E-08,  0.000000E+00,  0.000000E+00,  0.000000E+00
  3.710000E+04,  5.225946E-08,  0.000000E+00,  0.000000E+00,  0.000000E+00
  3.730000E+04,  5.159311E-08,  0.000000E+00,  0.000000E+00,  0.000000E+00
  3.750000E+04,  5.089335E-08,  0.000000E+00,  0.000000E+00,  0.000000E+00
  3.770000E+04,  4.918113E-08,  0.000000E+00,  0.000000E+00,  0.000000E+00
  3.790000E+04,  4.897521E-08,  0.000000E+00,  0.000000E+00,  0.000000E+00
  3.810000E+04,  4.761185E-08,  0.000000E+00,  0.000000E+00,  0.000000E+00
  3.830000E+04,  4.677425E-08,  0.000000E+00,  0.000000E+00,  0.000000E+00
  3.850000E+04,  4.586056E-08,  0.000000E+00,  0.000000E+00,  0.000000E+00
  3.870000E+04,  4.528420E-08,  0.000000E+00,  0.000000E+00,  0.000000E+00
  3.890000E+04,  4.410382E-08,  0.000000E+00,  0.000000E+00,  0.000000E+00
  3.910000E+04,  4.327388E-08,  0.000000E+00,  0.000000E+00,  0.000000E+00
  3.930000E+04,  4.245961E-08,  0.000000E+00,  0.000000E+00,  0.000000E+00
  3.950000E+04,  4.199921E-08,  0.000000E+00,  0.000000E+00,  0.000000E+00
  3.970000E+04,  4.107492E-08,  0.000000E+00,  0.000000E+00,  0.000000E+00
  3.990000E+04,  3.967555E-08,  0.000000E+00,  0.000000E+00,  0.000000E+00
  4.010000E+04,  3.911480E-08,  0.000000E+00,  0.000000E+00,  0.000000E+00
  4.030000E+04,  3.850356E-08,  0.000000E+00,  0.000000E+00,  0.000000E+00
  4.050000E+04,  3.717883E-08,  0.000000E+00,  0.000000E+00,  0.000000E+00
  4.070000E+04,  3.658087E-08,  0.000000E+00,  0.000000E+00,  0.000000E+00
  4.090000E+04,  3.579145E-08,  0.000000E+00,  0.000000E+00,  0.000000E+00
  4.110000E+04,  3.541867E-08,  0.000000E+00,  0.000000E+00,  0.000000E+00
  4.130000E+04,  3.440368E-08,  0.000000E+00,  0.000000E+00,  0.000000E+00
  4.150000E+04,  3.411199E-08,  0.000000E+00,  0.000000E+00,  0.000000E+00
  4.170000E+04,  3.298703E-08,  0.000000E+00,  0.000000E+00,  0.000000E+00
  4.190000E+04,  3.295872E-08,  0.000000E+00,  0.000000E+00,  0.000000E+00
  4.210000E+04,  3.186825E-08,  0.000000E+00,  0.000000E+00,  0.000000E+00
  4.230000E+04,  3.171034E-08,  0.000000E+00,  0.000000E+00,  0.000000E+00
  4.250000E+04,  3.092477E-08,  0.000000E+00,  0.000000E+00,  0.000000E+00
  4.270000E+04,  3.047470E-08,  0.000000E+00,  0.000000E+00,  0.000000E+00
  4.290000E+04,  2.843641E-08,  0.000000E+00,  0.000000E+00,  0.000000E+00
  4.310000E+04,  2.669427E-08,  0.000000E+00,  0.000000E+00,  0.000000E+00
  4.330000E+04,  2.756174E-08,  0.000000E+00,  0.000000E+00,  0.000000E+00
  4.350000E+04,  2.550741E-08,  0.000000E+00,  0.000000E+00,  0.000000E+00
  4.370000E+04,  2.479519E-08,  0.000000E+00,  0.000000E+00,  0.000000E+00
  4.390000E+04,  2.425245E-08,  0.000000E+00,  0.000000E+00,  0.000000E+00
  4.410000E+04,  2.220138E-08,  0.000000E+00,  0.000000E+00,  0.000000E+00
  4.430000E+04,  2.239532E-08,  0.000000E+00,  0.000000E+00,  0.000000E+00
  4.450000E+04,  2.141585E-08,  0.000000E+00,  0.000000E+00,  0.000000E+00
  4.470000E+04,  2.015945E-08,  0.000000E+00,  0.000000E+00,  0.000000E+00
  4.490000E+04,  2.059964E-08,  0.000000E+00,  0.000000E+00,  0.000000E+00
  4.510000E+04,  1.983856E-08,  0.000000E+00,  0.000000E+00,  0.000000E+00
  4.530000E+04,  1.880133E-08,  0.000000E+00,  0.000000E+00,  0.000000E+00
  4.550000E+04,  1.923773E-08,  0.000000E+00,  0.000000E+00,  0.000000E+00
  4.570000E+04,  1.891829E-08,  0.000000E+00,  0.000000E+00,  0.000000E+00
  4.590000E+04,  1.764373E-08,  0.000000E+00,  0.000000E+00,  0.000000E+00
  4.610000E+04,  1.819726E-08,  0.000000E+00,  0.000000E+00,  0.000000E+00
  4.630000E+04,  1.760750E-08,  0.000000E+00,  0.000000E+00,  0.000000E+00
  4.650000E+04,  1.758790E-08,  0.000000E+00,  0.000000E+00,  0.000000E+00
  4.670000E+04,  1.736962E-08,  0.000000E+00,  0.000000E+00,  0.000000E+00
  4.690000E+04,  1.707367E-08,  0.000000E+00,  0.000000E+00,  0.000000E+00
  4.710000E+04,  1.664572E-08,  0.000000E+00,  0.000000E+00,  0.000000E+00
  4.730000E+04,  1.690069E-08,  0.000000E+00,  0.000000E+00,  0.000000E+00
  4.750000E+04,  1.649156E-08,  0.000000E+00,  0.000000E+00,  0.000000E+00
  4.770000E+04,  1.632487E-08,  0.000000E+00,  0.000000E+00,  0.000000E+00
  4.790000E+04,  1.608194E-08,  0.000000E+00,  0.000000E+00,  0.000000E+00
  4.810000E+04,  1.561061E-08,  0.000000E+00,  0.000000E+00,  0.000000E+00
  4.830000E+04,  1.596060E-08,  0.000000E+00,  0.000000E+00,  0.000000E+00
  4.850000E+04,  1.562238E-08,  0.000000E+00,  0.000000E+00,  0.000000E+00
  4.870000E+04,  1.511849E-08,  0.000000E+00,  0.000000E+00,  0.000000E+00
  4.890000E+04,  1.511298E-08,  0.000000E+00,  0.000000E+00,  0.000000E+00
  4.910000E+04,  1.490330E-08,  0.000000E+00,  0.000000E+00,  0.000000E+00
  4.930000E+04,  1.465684E-08,  0.000000E+00,  0.000000E+00,  0.000000E+00
  4.950000E+04,  1.441471E-08,  0.000000E+00,  0.000000E+00,  0.000000E+00
  4.970000E+04,  1.444381E-08,  0.000000E+00,  0.000000E+00,  0.000000E+00
  4.990000E+04,  1.419805E-08,  0.000000E+00,  0.000000E+00,  0.000000E+00
  5.010000E+04,  1.378550E-08,  0.000000E+00,  0.000000E+00,  0.000000E+00
  5.030000E+04,  1.396559E-08,  0.000000E+00,  0.000000E+00,  0.000000E+00
  5.050000E+04,  1.356716E-08,  0.000000E+00,  0.000000E+00,  0.000000E+00
  5.070000E+04,  1.346363E-08,  0.000000E+00,  0.000000E+00,  0.000000E+00
  5.090000E+04,  1.332726E-08,  0.000000E+00,  0.000000E+00,  0.000000E+00
  5.110000E+04,  1.308128E-08,  0.000000E+00,  0.000000E+00,  0.000000E+00
  5.130000E+04,  1.293638E-08,  0.000000E+00,  0.000000E+00,  0.000000E+00
  5.150000E+04,  1.279346E-08,  0.000000E+00,  0.000000E+00,  0.000000E+00
  5.170000E+04,  1.277972E-08,  0.000000E+00,  0.000000E+00,  0.000000E+00
  5.190000E+04,  1.254451E-08,  0.000000E+00,  0.000000E+00,  0.000000E+00
  5.210000E+04,  1.232872E-08,  0.000000E+00,  0.000000E+00,  0.000000E+00
  5.230000E+04,  1.223857E-08,  0.000000E+00,  0.000000E+00,  0.000000E+00
  5.250000E+04,  1.215973E-08,  0.000000E+00,  0.000000E+00,  0.000000E+00
  5.270000E+04,  1.229320E-08,  0.000000E+00,  0.000000E+00,  0.000000E+00
  5.290000E+04,  1.174625E-08,  0.000000E+00,  0.000000E+00,  0.000000E+00
  5.310000E+04,  1.163786E-08,  0.000000E+00,  0.000000E+00,  0.000000E+00
  5.330000E+04,  1.154078E-08,  0.000000E+00,  0.000000E+00,  0.000000E+00
  5.350000E+04,  1.144241E-08,  0.000000E+00,  0.000000E+00,  0.000000E+00
  5.370000E+04,  1.134103E-08,  0.000000E+00,  0.000000E+00,  0.000000E+00
  5.390000E+04,  1.122878E-08,  0.000000E+00,  0.000000E+00,  0.000000E+00
  5.410000E+04,  1.111745E-08,  0.000000E+00,  0.000000E+00,  0.000000E+00
  5.430000E+04,  1.085465E-08,  0.000000E+00,  0.000000E+00,  0.000000E+00
  5.450000E+04,  1.092735E-08,  0.000000E+00,  0.000000E+00,  0.000000E+00
  5.470000E+04,  1.065065E-08,  0.000000E+00,  0.000000E+00,  0.000000E+00
  5.490000E+04,  1.062567E-08,  0.000000E+00,  0.000000E+00,  0.000000E+00
  5.510000E+04,  1.039778E-08,  0.000000E+00,  0.000000E+00,  0.000000E+00
  5.530000E+04,  1.058599E-08,  0.000000E+00,  0.000000E+00,  0.000000E+00
  5.550000E+04,  1.018757E-08,  0.000000E+00,  0.000000E+00,  0.000000E+00
  5.570000E+04,  1.026364E-08,  0.000000E+00,  0.000000E+00,  0.000000E+00
  5.590000E+04,  1.007063E-08,  0.000000E+00,  0.000000E+00,  0.000000E+00
  5.610000E+04,  1.003849E-08,  0.000000E+00,  0.000000E+00,  0.000000E+00
  5.630000E+04,  9.779902E-09,  0.000000E+00,  0.000000E+00,  0.000000E+00
  5.650000E+04,  9.806344E-09,  0.000000E+00,  0.000000E+00,  0.000000E+00
  5.670000E+04,  9.661714E-09,  0.000000E+00,  0.000000E+00,  0.000000E+00
  5.690000E+04,  9.434363E-09,  0.000000E+00,  0.000000E+00,  0.000000E+00
  5.710000E+04,  9.478613E-09,  0.000000E+00,  0.000000E+00,  0.000000E+00
  5.730000E+04,  9.369952E-09,  0.000000E+00,  0.000000E+00,  0.000000E+00
  5.750000E+04,  9.267107E-09,  0.000000E+00,  0.000000E+00,  0.000000E+00
  5.770000E+04,  9.137614E-09,  0.000000E+00,  0.000000E+00,  0.000000E+00
  5.790000E+04,  9.114435E-09,  0.000000E+00,  0.000000E+00,  0.000000E+00
  5.810000E+04,  8.973434E-09,  0.000000E+00,  0.000000E+00,  0.000000E+00
  5.830000E+04,  8.863080E-09,  0.000000E+00,  0.000000E+00,  0.000000E+00
  5.850000E+04,  8.792016E-09,  0.000000E+00,  0.000000E+00,  0.000000E+00
  5.870000E+04,  8.632294E-09,  0.000000E+00,  0.000000E+00,  0.000000E+00
  5.890000E+04,  8.566133E-09,  0.000000E+00,  0.000000E+00,  0.000000E+00
  5.910000E+04,  8.479383E-09,  0.000000E+00,  0.000000E+00,  0.000000E+00
  5.930000E+04,  8.407221E-09,  0.000000E+00,  0.000000E+00,  0.000000E+00
  5.950000E+04,  8.279031E-09,  0.000000E+00,  0.000000E+00,  0.000000E+00
  5.970000E+04,  8.237340E-09,  0.000000E+00,  0.000000E+00,  0.000000E+00
  5.990000E+04,  8.156376E-09,  0.000000E+00,  0.000000E+00,  0.000000E+00
  6.010000E+04,  8.072082E-09,  0.000000E+00,  0.000000E+00,  0.000000E+00
  6.030000E+04,  7.961975E-09,  0.000000E+00,  0.000000E+00,  0.000000E+00
  6.050000E+04,  7.824348E-09,  0.000000E+00,  0.000000E+00,  0.000000E+00
  6.070000E+04,  7.765923E-09,  0.000000E+00,  0.000000E+00,  0.000000E+00
  6.090000E+04,  7.678292E-09,  0.000000E+00,  0.000000E+00,  0.000000E+00
  6.110000E+04,  7.566227E-09,  0.000000E+00,  0.000000E+00,  0.000000E+00
  6.130000E+04,  7.523459E-09,  0.000000E+00,  0.000000E+00,  0.000000E+00
  6.150000E+04,  7.446400E-09,  0.000000E+00,  0.000000E+00,  0.000000E+00
  6.170000E+04,  7.393731E-09,  0.000000E+00,  0.000000E+00,  0.000000E+00
  6.190000E+04,  7.305888E-09,  0.000000E+00,  0.000000E+00,  0.000000E+00
  6.210000E+04,  7.235390E-09,  0.000000E+00,  0.000000E+00,  0.000000E+00
  6.230000E+04,  7.144493E-09,  0.000000E+00,  0.000000E+00,  0.000000E+00
  6.250000E+04,  7.029166E-09,  0.000000E+00,  0.000000E+00,  0.000000E+00
  6.270000E+04,  6.964214E-09,  0.000000E+00,  0.000000E+00,  0.000000E+00
  6.290000E+04,  6.887567E-09,  0.000000E+00,  0.000000E+00,  0.000000E+00
  6.310000E+04,  6.805340E-09,  0.000000E+00,  0.000000E+00,  0.000000E+00
  6.330000E+04,  6.758714E-09,  0.000000E+00,  0.000000E+00,  0.000000E+00
  6.350000E+04,  6.646313E-09,  0.000000E+00,  0.000000E+00,  0.000000E+00
  6.370000E+04,  6.626436E-09,  0.000000E+00,  0.000000E+00,  0.000000E+00
  6.390000E+04,  6.501762E-09,  0.000000E+00,  0.000000E+00,  0.000000E+00
  6.420000E+04,  6.409807E-09,  0.000000E+00,  0.000000E+00,  0.000000E+00
  6.460000E+04,  6.233902E-09,  0.000000E+00,  0.000000E+00,  0.000000E+00
  6.500000E+04,  6.096200E-09,  0.000000E+00,  0.000000E+00,  0.000000E+00
  6.540000E+04,  5.953705E-09,  0.000000E+00,  0.000000E+00,  0.000000E+00
  6.580000E+04,  5.808749E-09,  0.000000E+00,  0.000000E+00,  0.000000E+00
  6.620000E+04,  5.661391E-09,  0.000000E+00,  0.000000E+00,  0.000000E+00
  6.660000E+04,  5.559601E-09,  0.000000E+00,  0.000000E+00,  0.000000E+00
  6.700000E+04,  5.434974E-09,  0.000000E+00,  0.000000E+00,  0.000000E+00
  6.740000E+04,  5.317870E-09,  0.000000E+00,  0.000000E+00,  0.000000E+00
  6.780000E+04,  5.191319E-09,  0.000000E+00,  0.000000E+00,  0.000000E+00
  6.820000E+04,  5.069209E-09,  0.000000E+00,  0.000000E+00,  0.000000E+00
  6.860000E+04,  4.982837E-09,  0.000000E+00,  0.000000E+00,  0.000000E+00
  6.900000E+04,  4.867842E-09,  0.000000E+00,  0.000000E+00,  0.000000E+00
  6.940000E+04,  4.758569E-09,  0.000000E+00,  0.000000E+00,  0.000000E+00
  6.980000E+04,  4.672962E-09,  0.000000E+00,  0.000000E+00,  0.000000E+00
  7.020000E+04,  4.556560E-09,  0.000000E+00,  0.000000E+00,  0.000000E+00
  7.060000E+04,  4.463684E-09,  0.000000E+00,  0.000000E+00,  0.000000E+00
  7.100000E+04,  4.368774E-09,  0.000000E+00,  0.000000E+00,  0.000000E+00
  7.140000E+04,  4.280728E-09,  0.000000E+00,  0.000000E+00,  0.000000E+00
  7.180000E+04,  4.192778E-09,  0.000000E+00,  0.000000E+00,  0.000000E+00
  7.220000E+04,  4.095596E-09,  0.000000E+00,  0.000000E+00,  0.000000E+00
  7.260000E+04,  4.011751E-09,  0.000000E+00,  0.000000E+00,  0.000000E+00
  7.300000E+04,  3.935749E-09,  0.000000E+00,  0.000000E+00,  0.000000E+00
  7.340000E+04,  3.844936E-09,  0.000000E+00,  0.000000E+00,  0.000000E+00
  7.380000E+04,  3.771886E-09,  0.000000E+00,  0.000000E+00,  0.000000E+00
  7.420000E+04,  3.687682E-09,  0.000000E+00,  0.000000E+00,  0.000000E+00
  7.460000E+04,  3.614252E-09,  0.000000E+00,  0.000000E+00,  0.000000E+00
  7.500000E+04,  3.543660E-09,  0.000000E+00,  0.000000E+00,  0.000000E+00
  7.540000E+04,  3.447932E-09,  0.000000E+00,  0.000000E+00,  0.000000E+00
  7.580000E+04,  3.304870E-09,  0.000000E+00,  0.000000E+00,  0.000000E+00
  7.620000E+04,  3.210593E-09,  0.000000E+00,  0.000000E+00,  0.000000E+00
  7.660000E+04,  3.098677E-09,  0.000000E+00,  0.000000E+00,  0.000000E+00
  7.700000E+04,  3.020125E-09,  0.000000E+00,  0.000000E+00,  0.000000E+00
  7.740000E+04,  2.906614E-09,  0.000000E+00,  0.000000E+00,  0.000000E+00
  7.780000E+04,  2.838353E-09,  0.000000E+00,  0.000000E+00,  0.000000E+00
  7.820000E+04,  2.755021E-09,  0.000000E+00,  0.000000E+00,  0.000000E+00
  7.860000E+04,  2.674527E-09,  0.000000E+00,  0.000000E+00,  0.000000E+00
  7.900000E+04,  2.625623E-09,  0.000000E+00,  0.000000E+00,  0.000000E+00
  7.940000E+04,  2.544673E-09,  0.000000E+00,  0.000000E+00,  0.000000E+00
  7.980000E+04,  2.501126E-09,  0.000000E+00,  0.000000E+00,  0.000000E+00
  8.020000E+04,  2.458488E-09,  0.000000E+00,  0.000000E+00,  0.000000E+00
  8.060000E+04,  2.403544E-09,  0.000000E+00,  0.000000E+00,  0.000000E+00
  8.100000E+04,  2.365096E-09,  0.000000E+00,  0.000000E+00,  0.000000E+00
  8.140000E+04,  2.346345E-09,  0.000000E+00,  0.000000E+00,  0.000000E+00
  8.180000E+04,  2.288034E-09,  0.000000E+00,  0.000000E+00,  0.000000E+00
  8.220000E+04,  2.265293E-09,  0.000000E+00,  0.000000E+00,  0.000000E+00
  8.260000E+04,  2.228023E-09,  0.000000E+00,  0.000000E+00,  0.000000E+00
  8.300000E+04,  2.186027E-09,  0.000000E+00,  0.000000E+00,  0.000000E+00
  8.340000E+04,  2.155561E-09,  0.000000E+00,  0.000000E+00,  0.000000E+00
  8.380000E+04,  2.119149E-09,  0.000000E+00,  0.000000E+00,  0.000000E+00
  8.420000E+04,  2.077111E-09,  0.000000E+00,  0.000000E+00,  0.000000E+00
  8.460000E+04,  2.044603E-09,  0.000000E+00,  0.000000E+00,  0.000000E+00
  8.500000E+04,  2.016640E-09,  0.000000E+00,  0.000000E+00,  0.000000E+00
  8.540000E+04,  1.980759E-09,  0.000000E+00,  0.000000E+00,  0.000000E+00
  8.580000E+04,  1.944042E-09,  0.000000E+00,  0.000000E+00,  0.000000E+00
  8.620000E+04,  1.915036E-09,  0.000000E+00,  0.000000E+00,  0.000000E+00
  8.660000E+04,  1.871431E-09,  0.000000E+00,  0.000000E+00,  0.000000E+00
  8.700000E+04,  1.850474E-09,  0.000000E+00,  0.000000E+00,  0.000000E+00
  8.740000E+04,  1.826346E-09,  0.000000E+00,  0.000000E+00,  0.000000E+00
  8.780000E+04,  1.780465E-09,  0.000000E+00,  0.000000E+00,  0.000000E+00
  8.820000E+04,  1.750915E-09,  0.000000E+00,  0.000000E+00,  0.000000E+00
  8.860000E+04,  1.727810E-09,  0.000000E+00,  0.000000E+00,  0.000000E+00
  8.900000E+04,  1.700565E-09,  0.000000E+00,  0.000000E+00,  0.000000E+00
  8.940000E+04,  1.669628E-09,  0.000000E+00,  0.000000E+00,  0.000000E+00
  8.980000E+04,  1.639681E-09,  0.000000E+00,  0.000000E+00,  0.000000E+00
  9.020000E+04,  1.623606E-09,  0.000000E+00,  0.000000E+00,  0.000000E+00
  9.060000E+04,  1.603638E-09,  0.000000E+00,  0.000000E+00,  0.000000E+00
  9.100000E+04,  1.573450E-09,  0.000000E+00,  0.000000E+00,  0.000000E+00
  9.140000E+04,  1.541875E-09,  0.000000E+00,  0.000000E+00,  0.000000E+00
  9.180000E+04,  1.526237E-09,  0.000000E+00,  0.000000E+00,  0.000000E+00
  9.220000E+04,  1.493423E-09,  0.000000E+00,  0.000000E+00,  0.000000E+00
  9.260000E+04,  1.479277E-09,  0.000000E+00,  0.000000E+00,  0.000000E+00
  9.300000E+04,  1.457277E-09,  0.000000E+00,  0.000000E+00,  0.000000E+00
  9.340000E+04,  1.435267E-09,  0.000000E+00,  0.000000E+00,  0.000000E+00
  9.380000E+04,  1.405752E-09,  0.000000E+00,  0.000000E+00,  0.000000E+00
  9.420000E+04,  1.391368E-09,  0.000000E+00,  0.000000E+00,  0.000000E+00
  9.460000E+04,  1.367812E-09,  0.000000E+00,  0.000000E+00,  0.000000E+00
  9.500000E+04,  1.355170E-09,  0.000000E+00,  0.000000E+00,  0.000000E+00
  9.540000E+04,  1.338651E-09,  0.000000E+00,  0.000000E+00,  0.000000E+00
  9.580000E+04,  1.310325E-09,  0.000000E+00,  0.000000E+00,  0.000000E+00
  9.620000E+04,  1.296840E-09,  0.000000E+00,  0.000000E+00,  0.000000E+00
  9.660000E+04,  1.273950E-09,  0.000000E+00,  0.000000E+00,  0.000000E+00
  9.700000E+04,  1.261762E-09,  0.000000E+00,  0.000000E+00,  0.000000E+00
  9.740000E+04,  1.239596E-09,  0.000000E+00,  0.000000E+00,  0.000000E+00
  9.780000E+04,  1.221080E-09,  0.000000E+00,  0.000000E+00,  0.000000E+00
  9.820000E+04,  1.206851E-09,  0.000000E+00,  0.000000E+00,  0.000000E+00
  9.860000E+04,  1.189664E-09,  0.000000E+00,  0.000000E+00,  0.000000E+00
  9.900000E+04,  1.167078E-09,  0.000000E+00,  0.000000E+00,  0.000000E+00
  9.940000E+04,  1.149976E-09,  0.000000E+00,  0.000000E+00,  0.000000E+00
  9.980000E+04,  1.138899E-09,  0.000000E+00,  0.000000E+00,  0.000000E+00
  1.002000E+05,  1.121213E-09,  0.000000E+00,  0.000000E+00,  0.000000E+00
  2.000000E+05,  7.372597E-11,  0.000000E+00,  0.000000E+00,  0.000000E+00
  4.000000E+05,  4.670072E-12,  0.000000E+00,  0.000000E+00,  0.000000E+00
  6.000000E+05,  9.206216E-13,  0.000000E+00,  0.000000E+00,  0.000000E+00
  8.000000E+05,  2.898255E-13,  0.000000E+00,  0.000000E+00,  0.000000E+00
  1.000000E+06,  1.180120E-13,  0.000000E+00,  0.000000E+00,  0.000000E+00
  1.200000E+06,  5.657782E-14,  0.000000E+00,  0.000000E+00,  0.000000E+00
  1.400000E+06,  3.036644E-14,  0.000000E+00,  0.000000E+00,  0.000000E+00
  1.600000E+06,  1.770603E-14,  0.000000E+00,  0.000000E+00,  0.000000E+00
