wavelengths,fluxes,convolved_flux,filter_wavelengths,filter_trans
  1.472000E+02,  0.000000E+00,  0.000000E+00,  4.100000E+04,  0.000000E+00
  1.510000E+02,  0.000000E+00,  0.000000E+00,  4.200000E+04,  4.000000E-02
  1.552000E+02,  0.000000E+00,  0.000000E+00,  4.300000E+04,  2.500000E-01
  1.588000E+02,  0.000000E+00,  0.000000E+00,  4.400000E+04,  4.800000E-01
  1.620000E+02,  0.000000E+00,  0.000000E+00,  4.500000E+04,  1.000000E+00
  1.660000E+02,  0.000000E+00,  0.000000E+00,  4.600000E+04,  9.300000E-01
  1.703000E+02,  0.000000E+00,  0.000000E+00,  4.700000E+04,  9.200000E-01
  1.734000E+02,  0.000000E+00,  0.000000E+00,  4.800000E+04,  8.900000E-01
  1.768000E+02,  0.000000E+00,  0.000000E+00,  4.900000E+04,  8.400000E-01
  1.802000E+02,  0.000000E+00,  0.000000E+00,  5.000000E+04,  7.800000E-01
  1.817000E+02,  0.000000E+00,  0.000000E+00,  5.100000E+04,  7.600000E-01
  1.861000E+02,  0.000000E+00,  0.000000E+00,  5.200000E+04,  7.900000E-01
  1.910000E+02,  0.000000E+00,  0.000000E+00,  5.300000E+04,  7.400000E-01
  1.939000E+02,  0.000000E+00,  0.000000E+00,  5.400000E+04,  6.800000E-01
  1.984000E+02,  0.000000E+00,  0.000000E+00,  5.500000E+04,  6.000000E-01
  2.018000E+02,  0.000000E+00,  0.000000E+00,  5.600000E+04,  4.900000E-01
  2.050000E+02,  0.000000E+00,  0.000000E+00,  5.700000E+04,  3.200000E-01
  2.105000E+02,  0.000000E+00,  0.000000E+00,  5.800000E+04,  2.600000E-01
  2.162000E+02,  0.000000E+00,  0.000000E+00,  5.900000E+04,  2.100000E-01
  2.198000E+02,  0.000000E+00,  0.000000E+00,  6.000000E+04,  1.900000E-01
  2.230000E+02,  0.000000E+00,  0.000000E+00,  6.100000E+04,  9.000000E-02
  2.268000E+02,  0.000000E+00,  0.000000E+00,  6.200000E+04,  2.000000E-02
  2.300000E+02,  0.000000E+00,  0.000000E+00,  6.300000E+04,  0.000000E+00
  2.340000E+02,  0.000000E+00,  0.000000E+00,  0.000000E+00,  0.000000E+00
  2.400000E+02,  0.000000E+00,  0.000000E+00,  0.000000E+00,  0.000000E+00
  2.465000E+02,  0.000000E+00,  0.000000E+00,  0.000000E+00,  0.000000E+00
  2.524000E+02,  0.000000E+00,  0.000000E+00,  0.000000E+00,  0.000000E+00
  2.568000E+02,  0.000000E+00,  0.000000E+00,  0.000000E+00,  0.000000E+00
  2.600000E+02,  0.000000E+00,  0.000000E+00,  0.000000E+00,  0.000000E+00
  2.640000E+02,  0.000000E+00,  0.000000E+00,  0.000000E+00,  0.000000E+00
  2.685000E+02,  0.000000E+00,  0.000000E+00,  0.000000E+00,  0.000000E+00
  2.735000E+02,  0.000000E+00,  0.000000E+00,  0.000000E+00,  0.000000E+00
  2.785000E+02,  0.000000E+00,  0.000000E+00,  0.000000E+00,  0.000000E+00
  2.840000E+02,  0.000000E+00,  0.000000E+00,  0.000000E+00,  0.000000E+00
  2.900000E+02,  0.000000E+00,  0.000000E+00,  0.000000E+00,  0.000000E+00
  2.960000E+02,  0.000000E+00,  0.000000E+00,  0.000000E+00,  0.000000E+00
  3.010000E+02,  0.000000E+00,  0.000000E+00,  0.000000E+00,  0.000000E+00
  3.080000E+02,  0.000000E+00,  0.000000E+00,  0.000000E+00,  0.000000E+00
  3.180000E+02,  0.000000E+00,  0.000000E+00,  0.000000E+00,  0.000000E+00
  3.280000E+02,  0.000000E+00,  0.000000E+00,  0.000000E+00,  0.000000E+00
  3.380000E+02,  0.000000E+00,  0.000000E+00,  0.000000E+00,  0.000000E+00
  3.480000E+02,  0.000000E+00,  0.000000E+00,  0.000000E+00,  0.000000E+00
  3.570000E+02,  0.000000E+00,  0.000000E+00,  0.000000E+00,  0.000000E+00
  3.660000E+02,  0.000000E+00,  0.000000E+00,  0.000000E+00,  0.000000E+00
  3.750000E+02,  0.000000E+00,  0.000000E+00,  0.000000E+00,  0.000000E+00
  3.850000E+02,  0.000000E+00,  0.000000E+00,  0.000000E+00,  0.000000E+00
  3.950000E+02,  0.000000E+00,  0.000000E+00,  0.000000E+00,  0.000000E+00
  4.050000E+02,  0.000000E+00,  0.000000E+00,  0.000000E+00,  0.000000E+00
  4.140000E+02,  0.000000E+00,  0.000000E+00,  0.000000E+00,  0.000000E+00
  4.220000E+02,  0.000000E+00,  0.000000E+00,  0.000000E+00,  0.000000E+00
  4.300000E+02,  0.000000E+00,  0.000000E+00,  0.000000E+00,  0.000000E+00
  4.410000E+02,  0.000000E+00,  0.000000E+00,  0.000000E+00,  0.000000E+00
  4.510000E+02,  0.000000E+00,  0.000000E+00,  0.000000E+00,  0.000000E+00
  4.600000E+02,  0.000000E+00,  0.000000E+00,  0.000000E+00,  0.000000E+00
  4.700000E+02,  0.000000E+00,  0.000000E+00,  0.000000E+00,  0.000000E+00
  4.800000E+02,  0.000000E+00,  0.000000E+00,  0.000000E+00,  0.000000E+00
  4.900000E+02,  0.000000E+00,  0.000000E+00,  0.000000E+00,  0.000000E+00
  5.000000E+02,  0.000000E+00,  0.000000E+00,  0.000000E+00,  0.000000E+00
  5.060000E+02,  0.000000E+00,  0.000000E+00,  0.000000E+00,  0.000000E+00
  5.120000E+02,  0.000000E+00,  0.000000E+00,  0.000000E+00,  0.000000E+00
  5.200000E+02,  0.000000E+00,  0.000000E+00,  0.000000E+00,  0.000000E+00
  5.300000E+02,  0.000000E+00,  0.000000E+00,  0.000000E+00,  0.000000E+00
  5.400000E+02,  0.000000E+00,  0.000000E+00,  0.000000E+00,  0.000000E+00
  5.500000E+02,  0.000000E+00,  0.000000E+00,  0.000000E+00,  0.000000E+00
  5.600000E+02,  0.000000E+00,  0.000000E+00,  0.000000E+00,  0.000000E+00
  5.700000E+02,  0.000000E+00,  0.000000E+00,  0.000000E+00,  0.000000E+00
  5.800000E+02,  0.000000E+00,  0.000000E+00,  0.000000E+00,  0.000000E+00
  5.900000E+02,  0.000000E+00,  0.000000E+00,  0.000000E+00,  0.000000E+00
  6.000000E+02,  0.000000E+00,  0.000000E+00,  0.000000E+00,  0.000000E+00
  6.100000E+02,  0.000000E+00,  0.000000E+00,  0.000000E+00,  0.000000E+00
  6.200000E+02,  0.000000E+00,  0.000000E+00,  0.000000E+00,  0.000000E+00
  6.300000E+02,  0.000000E+00,  0.000000E+00,  0.000000E+00,  0.000000E+00
  6.400000E+02,  0.000000E+00,  0.000000E+00,  0.000000E+00,  0.000000E+00
  6.500000E+02,  0.000000E+00,  0.000000E+00,  0.000000E+00,  0.000000E+00
  6.580000E+02,  0.000000E+00,  0.000000E+00,  0.000000E+00,  0.000000E+00
  6.650000E+02,  0.000000E+00,  0.000000E+00,  0.000000E+00,  0.000000E+00
  6.750000E+02,  0.000000E+00,  0.000000E+00,  0.000000E+00,  0.000000E+00
  6.850000E+02,  0.000000E+00,  0.000000E+00,  0.000000E+00,  0.000000E+00
  6.950000E+02,  0.000000E+00,  0.000000E+00,  0.000000E+00,  0.000000E+00
  7.050000E+02,  0.000000E+00,  0.000000E+00,  0.000000E+00,  0.000000E+00
  7.160000E+02,  0.000000E+00,  0.000000E+00,  0.000000E+00,  0.000000E+00
  7.260000E+02,  0.000000E+00,  0.000000E+00,  0.000000E+00,  0.000000E+00
  7.350000E+02,  0.000000E+00,  0.000000E+00,  0.000000E+00,  0.000000E+00
  7.450000E+02,  0.000000E+00,  0.000000E+00,  0.000000E+00,  0.000000E+00
  7.550000E+02,  0.000000E+00,  0.000000E+00,  0.000000E+00,  0.000000E+00
  7.650000E+02,  0.000000E+00,  0.000000E+00,  0.000000E+00,  0.000000E+00
  7.750000E+02,  0.000000E+00,  0.000000E+00,  0.000000E+00,  0.000000E+00
  7.850000E+02,  0.000000E+00,  0.000000E+00,  0.000000E+00,  0.000000E+00
  7.950000E+02,  0.000000E+00,  0.000000E+00,  0.000000E+00,  0.000000E+00
  8.050000E+02,  0.000000E+00,  0.000000E+00,  0.000000E+00,  0.000000E+00
  8.150000E+02,  0.000000E+00,  0.000000E+00,  0.000000E+00,  0.000000E+00
  8.250000E+02,  0.000000E+00,  0.000000E+00,  0.000000E+00,  0.000000E+00
  8.350000E+02,  0.000000E+00,  0.000000E+00,  0.000000E+00,  0.000000E+00
  8.450000E+02,  0.000000E+00,  0.000000E+00,  0.000000E+00,  0.000000E+00
  8.550000E+02,  0.000000E+00,  0.000000E+00,  0.000000E+00,  0.000000E+00
  8.650000E+02,  0.000000E+00,  0.000000E+00,  0.000000E+00,  0.000000E+00
  8.750000E+02,  0.000000E+00,  0.000000E+00,  0.000000E+00,  0.000000E+00
  8.850000E+02,  0.000000E+00,  0.000000E+00,  0.000000E+00,  0.000000E+00
  8.950000E+02,  0.000000E+00,  0.000000E+00,  0.000000E+00,  0.000000E+00
  9.050000E+02,  0.000000E+00,  0.000000E+00,  0.000000E+00,  0.000000E+00
  9.150000E+02,  0.000000E+00,  0.000000E+00,  0.000000E+00,  0.000000E+00
  9.250000E+02,  0.000000E+00,  0.000000E+00,  0.000000E+00,  0.000000E+00
  9.350000E+02,  0.000000E+00,  0.000000E+00,  0.000000E+00,  0.000000E+00
  9.450000E+02,  0.000000E+00,  0.000000E+00,  0.000000E+00,  0.000000E+00
  9.550000E+02,  0.000000E+00,  0.000000E+00,  0.000000E+00,  0.000000E+00
  9.650000E+02,  0.000000E+00,  0.000000E+00,  0.000000E+00,  0.000000E+00
  9.750000E+02,  0.000000E+00,  0.000000E+00,  0.000000E+00,  0.000000E+00
  9.850000E+02,  0.000000E+00,  0.000000E+00,  0.000000E+00,  0.000000E+00
  9.950000E+02,  0.000000E+00,  0.000000E+00,  0.000000E+00,  0.000000E+00
  1.005000E+03,  0.000000E+00,  0.000000E+00,  0.000000E+00,  0.000000E+00
  1.015000E+03,  0.000000E+00,  0.000000E+00,  0.000000E+00,  0.000000E+00
  1.025000E+03,  0.000000E+00,  0.000000E+00,  0.000000E+00,  0.000000E+00
  1.035000E+03,  0.000000E+00,  0.000000E+00,  0.000000E+00,  0.000000E+00
  1.045000E+03,  0.000000E+00,  0.000000E+00,  0.000000E+00,  0.000000E+00
  1.055000E+03,  0.000000E+00,  0.000000E+00,  0.000000E+00,  0.000000E+00
  1.065000E+03,  0.000000E+00,  0.000000E+00,  0.000000E+00,  0.000000E+00
  1.075000E+03,  0.000000E+00,  0.000000E+00,  0.000000E+00,  0.000000E+00
  1.085000E+03,  0.000000E+00,  0.000000E+00,  0.000000E+00,  0.000000E+00
  1.095000E+03,  0.000000E+00,  0.000000E+00,  0.000000E+00,  0.000000E+00
  1.105000E+03,  0.000000E+00,  0.000000E+00,  0.000000E+00,  0.000000E+00
  1.115000E+03,  0.000000E+00,  0.000000E+00,  0.000000E+00,  0.000000E+00
  1.125000E+03,  0.000000E+00,  0.000000E+00,  0.000000E+00,  0.000000E+00
  1.135000E+03,  0.000000E+00,  0.000000E+00,  0.000000E+00,  0.000000E+00
  1.145000E+03,  0.000000E+00,  0.000000E+00,  0.000000E+00,  0.000000E+00
  1.155000E+03,  0.000000E+00,  0.000000E+00,  0.000000E+00,  0.000000E+00
  1.165000E+03,  0.000000E+00,  0.000000E+00,  0.000000E+00,  0.000000E+00
  1.175000E+03,  0.000000E+00,  0.000000E+00,  0.000000E+00,  0.000000E+00
  1.185000E+03,  0.000000E+00,  0.000000E+00,  0.000000E+00,  0.000000E+00
  1.195000E+03,  0.000000E+00,  0.000000E+00,  0.000000E+00,  0.000000E+00
  1.205000E+03,  0.000000E+00,  0.000000E+00,  0.000000E+00,  0.000000E+00
  1.215000E+03,  0.000000E+00,  0.000000E+00,  0.000000E+00,  0.000000E+00
  1.225000E+03,  0.000000E+00,  0.000000E+00,  0.000000E+00,  0.000000E+00
  1.235000E+03,  0.000000E+00,  0.000000E+00,  0.000000E+00,  0.000000E+00
  1.245000E+03,  0.000000E+00,  0.000000E+00,  0.000000E+00,  0.000000E+00
  1.255000E+03,  0.000000E+00,  0.000000E+00,  0.000000E+00,  0.000000E+00
  1.265000E+03,  0.000000E+00,  0.000000E+00,  0.000000E+00,  0.000000E+00
  1.275000E+03,  0.000000E+00,  0.000000E+00,  0.000000E+00,  0.000000E+00
  1.285000E+03,  0.000000E+00,  0.000000E+00,  0.000000E+00,  0.000000E+00
  1.295000E+03,  0.000000E+00,  0.000000E+00,  0.000000E+00,  0.000000E+00
  1.305000E+03,  0.000000E+00,  0.000000E+00,  0.000000E+00,  0.000000E+00
  1.315000E+03,  0.000000E+00,  0.000000E+00,  0.000000E+00,  0.000000E+00
  1.325000E+03,  0.000000E+00,  0.000000E+00,  0.000000E+00,  0.000000E+00
  1.335000E+03,  0.000000E+00,  0.000000E+00,  0.000000E+00,  0.000000E+00
  1.345000E+03,  0.000000E+00,  0.000000E+00,  0.000000E+00,  0.000000E+00
  1.355000E+03,  0.000000E+00,  0.000000E+00,  0.000000E+00,  0.000000E+00
  1.365000E+03,  0.000000E+00,  0.000000E+00,  0.000000E+00,  0.000000E+00
  1.375000E+03,  0.000000E+00,  0.000000E+00,  0.000000E+00,  0.000000E+00
  1.385000E+03,  0.000000E+00,  0.000000E+00,  0.000000E+00,  0.000000E+00
  1.395000E+03,  0.000000E+00,  0.000000E+00,  0.000000E+00,  0.000000E+00
  1.405000E+03,  0.000000E+00,  0.000000E+00,  0.000000E+00,  0.000000E+00
  1.415000E+03,  0.000000E+00,  0.000000E+00,  0.000000E+00,  0.000000E+00
  1.425000E+03,  0.000000E+00,  0.000000E+00,  0.000000E+00,  0.000000E+00
  1.435000E+03,  0.000000E+00,  0.000000E+00,  0.000000E+00,  0.000000E+00
  1.442000E+03,  0.000000E+00,  0.000000E+00,  0.000000E+00,  0.000000E+00
  1.447000E+03,  0.000000E+00,  0.000000E+00,  0.000000E+00,  0.000000E+00
  1.455000E+03,  0.000000E+00,  0.000000E+00,  0.000000E+00,  0.000000E+00
  1.465000E+03,  0.000000E+00,  0.000000E+00,  0.000000E+00,  0.000000E+00
  1.475000E+03,  0.000000E+00,  0.000000E+00,  0.000000E+00,  0.000000E+00
  1.485000E+03,  0.000000E+00,  0.000000E+00,  0.000000E+00,  0.000000E+00
  1.495000E+03,  0.000000E+00,  0.000000E+00,  0.000000E+00,  0.000000E+00
  1.505000E+03,  0.000000E+00,  0.000000E+00,  0.000000E+00,  0.000000E+00
  1.512000E+03,  0.000000E+00,  0.000000E+00,  0.000000E+00,  0.000000E+00
  1.517000E+03,  0.000000E+00,  0.000000E+00,  0.000000E+00,  0.000000E+00
  1.525000E+03,  0.000000E+00,  0.000000E+00,  0.000000E+00,  0.000000E+00
  1.535000E+03,  0.000000E+00,  0.000000E+00,  0.000000E+00,  0.000000E+00
  1.545000E+03,  0.000000E+00,  0.000000E+00,  0.000000E+00,  0.000000E+00
  1.555000E+03,  0.000000E+00,  0.000000E+00,  0.000000E+00,  0.000000E+00
  1.565000E+03,  0.000000E+00,  0.000000E+00,  0.000000E+00,  0.000000E+00
  1.575000E+03,  0.000000E+00,  0.000000E+00,  0.000000E+00,  0.000000E+00
  1.585000E+03,  0.000000E+00,  0.000000E+00,  0.000000E+00,  0.000000E+00
  1.595000E+03,  0.000000E+00,  0.000000E+00,  0.000000E+00,  0.000000E+00
  1.605000E+03,  0.000000E+00,  0.000000E+00,  0.000000E+00,  0.000000E+00
  1.615000E+03,  0.000000E+00,  0.000000E+00,  0.000000E+00,  0.000000E+00
  1.625000E+03,  0.000000E+00,  0.000000E+00,  0.000000E+00,  0.000000E+00
  1.635000E+03,  0.000000E+00,  0.000000E+00,  0.000000E+00,  0.000000E+00
  1.645000E+03,  0.000000E+00,  0.000000E+00,  0.000000E+00,  0.000000E+00
  1.655000E+03,  0.000000E+00,  0.000000E+00,  0.000000E+00,  0.000000E+00
  1.665000E+03,  0.000000E+00,  0.000000E+00,  0.000000E+00,  0.000000E+00
  1.672000E+03,  0.000000E+00,  0.000000E+00,  0.000000E+00,  0.000000E+00
  1.677000E+03,  0.000000E+00,  0.000000E+00,  0.000000E+00,  0.000000E+00
  1.685000E+03,  0.000000E+00,  0.000000E+00,  0.000000E+00,  0.000000E+00
  1.695000E+03,  1.974769E-14,  0.000000E+00,  0.000000E+00,  0.000000E+00
  1.705000E+03,  3.220711E-14,  0.000000E+00,  0.000000E+00,  0.000000E+00
  1.715000E+03,  2.826095E-14,  0.000000E+00,  0.000000E+00,  0.000000E+00
  1.725000E+03,  5.243055E-14,  0.000000E+00,  0.000000E+00,  0.000000E+00
  1.735000E+03,  7.619499E-14,  0.000000E+00,  0.000000E+00,  0.000000E+00
  1.745000E+03,  1.274039E-13,  0.000000E+00,  0.000000E+00,  0.000000E+00
  1.755000E+03,  1.930006E-13,  0.000000E+00,  0.000000E+00,  0.000000E+00
  1.765000E+03,  2.133935E-13,  0.000000E+00,  0.000000E+00,  0.000000E+00
  1.775000E+03,  1.867407E-13,  0.000000E+00,  0.000000E+00,  0.000000E+00
  1.785000E+03,  3.143612E-13,  0.000000E+00,  0.000000E+00,  0.000000E+00
  1.795000E+03,  3.520132E-13,  0.000000E+00,  0.000000E+00,  0.000000E+00
  1.805000E+03,  4.618650E-13,  0.000000E+00,  0.000000E+00,  0.000000E+00
  1.815000E+03,  4.219053E-13,  0.000000E+00,  0.000000E+00,  0.000000E+00
  1.825000E+03,  6.274654E-13,  0.000000E+00,  0.000000E+00,  0.000000E+00
  1.835000E+03,  6.926642E-13,  0.000000E+00,  0.000000E+00,  0.000000E+00
  1.845000E+03,  4.480055E-13,  0.000000E+00,  0.000000E+00,  0.000000E+00
  1.855000E+03,  7.410770E-13,  0.000000E+00,  0.000000E+00,  0.000000E+00
  1.865000E+03,  9.439422E-13,  0.000000E+00,  0.000000E+00,  0.000000E+00
  1.875000E+03,  1.096263E-12,  0.000000E+00,  0.000000E+00,  0.000000E+00
  1.885000E+03,  1.255369E-12,  0.000000E+00,  0.000000E+00,  0.000000E+00
  1.895000E+03,  1.792125E-12,  0.000000E+00,  0.000000E+00,  0.000000E+00
  1.905000E+03,  1.727084E-12,  0.000000E+00,  0.000000E+00,  0.000000E+00
  1.915000E+03,  2.127477E-12,  0.000000E+00,  0.000000E+00,  0.000000E+00
  1.925000E+03,  2.468054E-12,  0.000000E+00,  0.000000E+00,  0.000000E+00
  1.935000E+03,  1.947115E-12,  0.000000E+00,  0.000000E+00,  0.000000E+00
  1.945000E+03,  3.171579E-12,  0.000000E+00,  0.000000E+00,  0.000000E+00
  1.955000E+03,  3.472594E-12,  0.000000E+00,  0.000000E+00,  0.000000E+00
  1.967000E+03,  4.619185E-12,  0.000000E+00,  0.000000E+00,  0.000000E+00
  1.976000E+03,  4.818865E-12,  0.000000E+00,  0.000000E+00,  0.000000E+00
  1.984000E+03,  5.246929E-12,  0.000000E+00,  0.000000E+00,  0.000000E+00
  1.995000E+03,  5.588076E-12,  0.000000E+00,  0.000000E+00,  0.000000E+00
  2.005000E+03,  5.800632E-12,  0.000000E+00,  0.000000E+00,  0.000000E+00
  2.015000E+03,  6.611795E-12,  0.000000E+00,  0.000000E+00,  0.000000E+00
  2.025000E+03,  5.482944E-12,  0.000000E+00,  0.000000E+00,  0.000000E+00
  2.035000E+03,  7.748139E-12,  0.000000E+00,  0.000000E+00,  0.000000E+00
  2.045000E+03,  8.946315E-12,  0.000000E+00,  0.000000E+00,  0.000000E+00
  2.055000E+03,  9.729677E-12,  0.000000E+00,  0.000000E+00,  0.000000E+00
  2.065000E+03,  9.775296E-12,  0.000000E+00,  0.000000E+00,  0.000000E+00
  2.074000E+03,  1.131864E-11,  0.000000E+00,  0.000000E+00,  0.000000E+00
  2.078000E+03,  1.161844E-11,  0.000000E+00,  0.000000E+00,  0.000000E+00
  2.085000E+03,  1.138768E-11,  0.000000E+00,  0.000000E+00,  0.000000E+00
  2.095000E+03,  1.118645E-11,  0.000000E+00,  0.000000E+00,  0.000000E+00
  2.105000E+03,  1.102483E-11,  0.000000E+00,  0.000000E+00,  0.000000E+00
  2.115000E+03,  1.016602E-11,  0.000000E+00,  0.000000E+00,  0.000000E+00
  2.125000E+03,  7.710626E-12,  0.000000E+00,  0.000000E+00,  0.000000E+00
  2.135000E+03,  1.542991E-11,  0.000000E+00,  0.000000E+00,  0.000000E+00
  2.145000E+03,  1.843863E-11,  0.000000E+00,  0.000000E+00,  0.000000E+00
  2.155000E+03,  1.968271E-11,  0.000000E+00,  0.000000E+00,  0.000000E+00
  2.165000E+03,  2.153315E-11,  0.000000E+00,  0.000000E+00,  0.000000E+00
  2.175000E+03,  2.373394E-11,  0.000000E+00,  0.000000E+00,  0.000000E+00
  2.185000E+03,  2.985146E-11,  0.000000E+00,  0.000000E+00,  0.000000E+00
  2.195000E+03,  3.626193E-11,  0.000000E+00,  0.000000E+00,  0.000000E+00
  2.205000E+03,  3.801398E-11,  0.000000E+00,  0.000000E+00,  0.000000E+00
  2.215000E+03,  3.164876E-11,  0.000000E+00,  0.000000E+00,  0.000000E+00
  2.225000E+03,  4.568547E-11,  0.000000E+00,  0.000000E+00,  0.000000E+00
  2.235000E+03,  6.888668E-11,  0.000000E+00,  0.000000E+00,  0.000000E+00
  2.245000E+03,  7.039353E-11,  0.000000E+00,  0.000000E+00,  0.000000E+00
  2.255000E+03,  5.765052E-11,  0.000000E+00,  0.000000E+00,  0.000000E+00
  2.265000E+03,  4.915889E-11,  0.000000E+00,  0.000000E+00,  0.000000E+00
  2.275000E+03,  7.214403E-11,  0.000000E+00,  0.000000E+00,  0.000000E+00
  2.285000E+03,  9.764590E-11,  0.000000E+00,  0.000000E+00,  0.000000E+00
  2.295000E+03,  8.901865E-11,  0.000000E+00,  0.000000E+00,  0.000000E+00
  2.305000E+03,  1.026351E-10,  0.000000E+00,  0.000000E+00,  0.000000E+00
  2.315000E+03,  9.346573E-11,  0.000000E+00,  0.000000E+00,  0.000000E+00
  2.325000E+03,  9.180979E-11,  0.000000E+00,  0.000000E+00,  0.000000E+00
  2.335000E+03,  8.097470E-11,  0.000000E+00,  0.000000E+00,  0.000000E+00
  2.345000E+03,  5.850379E-11,  0.000000E+00,  0.000000E+00,  0.000000E+00
  2.355000E+03,  1.072367E-10,  0.000000E+00,  0.000000E+00,  0.000000E+00
  2.365000E+03,  7.043570E-11,  0.000000E+00,  0.000000E+00,  0.000000E+00
  2.375000E+03,  9.191640E-11,  0.000000E+00,  0.000000E+00,  0.000000E+00
  2.385000E+03,  5.978457E-11,  0.000000E+00,  0.000000E+00,  0.000000E+00
  2.395000E+03,  7.947525E-11,  0.000000E+00,  0.000000E+00,  0.000000E+00
  2.405000E+03,  8.542224E-11,  0.000000E+00,  0.000000E+00,  0.000000E+00
  2.415000E+03,  1.074224E-10,  0.000000E+00,  0.000000E+00,  0.000000E+00
  2.425000E+03,  2.313590E-10,  0.000000E+00,  0.000000E+00,  0.000000E+00
  2.435000E+03,  2.774495E-10,  0.000000E+00,  0.000000E+00,  0.000000E+00
  2.445000E+03,  3.672701E-10,  0.000000E+00,  0.000000E+00,  0.000000E+00
  2.455000E+03,  3.839509E-10,  0.000000E+00,  0.000000E+00,  0.000000E+00
  2.465000E+03,  2.993172E-10,  0.000000E+00,  0.000000E+00,  0.000000E+00
  2.475000E+03,  2.573619E-10,  0.000000E+00,  0.000000E+00,  0.000000E+00
  2.485000E+03,  6.889865E-11,  0.000000E+00,  0.000000E+00,  0.000000E+00
  2.495000E+03,  1.851942E-10,  0.000000E+00,  0.000000E+00,  0.000000E+00
  2.505000E+03,  2.995600E-10,  0.000000E+00,  0.000000E+00,  0.000000E+00
  2.513000E+03,  1.354439E-10,  0.000000E+00,  0.000000E+00,  0.000000E+00
  2.518000E+03,  7.803536E-11,  0.000000E+00,  0.000000E+00,  0.000000E+00
  2.525000E+03,  9.323684E-11,  0.000000E+00,  0.000000E+00,  0.000000E+00
  2.535000E+03,  2.466863E-10,  0.000000E+00,  0.000000E+00,  0.000000E+00
  2.545000E+03,  3.567617E-10,  0.000000E+00,  0.000000E+00,  0.000000E+00
  2.555000E+03,  7.983396E-10,  0.000000E+00,  0.000000E+00,  0.000000E+00
  2.565000E+03,  5.330941E-10,  0.000000E+00,  0.000000E+00,  0.000000E+00
  2.575000E+03,  6.758479E-10,  0.000000E+00,  0.000000E+00,  0.000000E+00
  2.585000E+03,  4.873622E-10,  0.000000E+00,  0.000000E+00,  0.000000E+00
  2.595000E+03,  3.916481E-10,  0.000000E+00,  0.000000E+00,  0.000000E+00
  2.605000E+03,  2.905641E-10,  0.000000E+00,  0.000000E+00,  0.000000E+00
  2.615000E+03,  2.765009E-10,  0.000000E+00,  0.000000E+00,  0.000000E+00
  2.625000E+03,  3.984771E-10,  0.000000E+00,  0.000000E+00,  0.000000E+00
  2.635000E+03,  1.068482E-09,  0.000000E+00,  0.000000E+00,  0.000000E+00
  2.645000E+03,  1.780738E-09,  0.000000E+00,  0.000000E+00,  0.000000E+00
  2.655000E+03,  2.636679E-09,  0.000000E+00,  0.000000E+00,  0.000000E+00
  2.665000E+03,  1.843750E-09,  0.000000E+00,  0.000000E+00,  0.000000E+00
  2.675000E+03,  1.983895E-09,  0.000000E+00,  0.000000E+00,  0.000000E+00
  2.685000E+03,  2.344495E-09,  0.000000E+00,  0.000000E+00,  0.000000E+00
  2.695000E+03,  1.697974E-09,  0.000000E+00,  0.000000E+00,  0.000000E+00
  2.705000E+03,  2.228149E-09,  0.000000E+00,  0.000000E+00,  0.000000E+00
  2.715000E+03,  1.401819E-09,  0.000000E+00,  0.000000E+00,  0.000000E+00
  2.725000E+03,  1.011491E-09,  0.000000E+00,  0.000000E+00,  0.000000E+00
  2.735000E+03,  1.427920E-09,  0.000000E+00,  0.000000E+00,  0.000000E+00
  2.745000E+03,  6.730446E-10,  0.000000E+00,  0.000000E+00,  0.000000E+00
  2.755000E+03,  1.050689E-09,  0.000000E+00,  0.000000E+00,  0.000000E+00
  2.765000E+03,  1.531595E-09,  0.000000E+00,  0.000000E+00,  0.000000E+00
  2.775000E+03,  1.537216E-09,  0.000000E+00,  0.000000E+00,  0.000000E+00
  2.785000E+03,  7.672658E-10,  0.000000E+00,  0.000000E+00,  0.000000E+00
  2.795000E+03,  2.421830E-10,  0.000000E+00,  0.000000E+00,  0.000000E+00
  2.805000E+03,  3.179634E-10,  0.000000E+00,  0.000000E+00,  0.000000E+00
  2.815000E+03,  1.136274E-09,  0.000000E+00,  0.000000E+00,  0.000000E+00
  2.825000E+03,  2.124888E-09,  0.000000E+00,  0.000000E+00,  0.000000E+00
  2.835000E+03,  2.150851E-09,  0.000000E+00,  0.000000E+00,  0.000000E+00
  2.845000E+03,  1.319501E-09,  0.000000E+00,  0.000000E+00,  0.000000E+00
  2.855000E+03,  4.668883E-10,  0.000000E+00,  0.000000E+00,  0.000000E+00
  2.865000E+03,  2.171406E-09,  0.000000E+00,  0.000000E+00,  0.000000E+00
  2.875000E+03,  3.337144E-09,  0.000000E+00,  0.000000E+00,  0.000000E+00
  2.885000E+03,  3.110207E-09,  0.000000E+00,  0.000000E+00,  0.000000E+00
  2.895000E+03,  3.912597E-09,  0.000000E+00,  0.000000E+00,  0.000000E+00
  2.910000E+03,  5.291326E-09,  0.000000E+00,  0.000000E+00,  0.000000E+00
  2.930000E+03,  5.059080E-09,  0.000000E+00,  0.000000E+00,  0.000000E+00
  2.950000E+03,  4.850201E-09,  0.000000E+00,  0.000000E+00,  0.000000E+00
  2.970000E+03,  5.082965E-09,  0.000000E+00,  0.000000E+00,  0.000000E+00
  2.990000E+03,  5.371223E-09,  0.000000E+00,  0.000000E+00,  0.000000E+00
  3.010000E+03,  5.418729E-09,  0.000000E+00,  0.000000E+00,  0.000000E+00
  3.030000E+03,  6.078108E-09,  0.000000E+00,  0.000000E+00,  0.000000E+00
  3.050000E+03,  6.742163E-09,  0.000000E+00,  0.000000E+00,  0.000000E+00
  3.070000E+03,  6.592364E-09,  0.000000E+00,  0.000000E+00,  0.000000E+00
  3.090000E+03,  6.568302E-09,  0.000000E+00,  0.000000E+00,  0.000000E+00
  3.110000E+03,  7.573914E-09,  0.000000E+00,  0.000000E+00,  0.000000E+00
  3.130000E+03,  6.518775E-09,  0.000000E+00,  0.000000E+00,  0.000000E+00
  3.150000E+03,  6.432760E-09,  0.000000E+00,  0.000000E+00,  0.000000E+00
  3.170000E+03,  7.625941E-09,  0.000000E+00,  0.000000E+00,  0.000000E+00
  3.190000E+03,  7.030792E-09,  0.000000E+00,  0.000000E+00,  0.000000E+00
  3.210000E+03,  7.891557E-09,  0.000000E+00,  0.000000E+00,  0.000000E+00
  3.230000E+03,  6.887937E-09,  0.000000E+00,  0.000000E+00,  0.000000E+00
  3.250000E+03,  1.042643E-08,  0.000000E+00,  0.000000E+00,  0.000000E+00
  3.270000E+03,  1.252548E-08,  0.000000E+00,  0.000000E+00,  0.000000E+00
  3.290000E+03,  1.245977E-08,  0.000000E+00,  0.000000E+00,  0.000000E+00
  3.310000E+03,  1.141970E-08,  0.000000E+00,  0.000000E+00,  0.000000E+00
  3.330000E+03,  1.160557E-08,  0.000000E+00,  0.000000E+00,  0.000000E+00
  3.350000E+03,  1.082160E-08,  0.000000E+00,  0.000000E+00,  0.000000E+00
  3.370000E+03,  7.690995E-09,  0.000000E+00,  0.000000E+00,  0.000000E+00
  3.390000E+03,  9.748271E-09,  0.000000E+00,  0.000000E+00,  0.000000E+00
  3.410000E+03,  1.096589E-08,  0.000000E+00,  0.000000E+00,  0.000000E+00
  3.430000E+03,  1.304388E-08,  0.000000E+00,  0.000000E+00,  0.000000E+00
  3.450000E+03,  1.367870E-08,  0.000000E+00,  0.000000E+00,  0.000000E+00
  3.470000E+03,  1.446471E-08,  0.000000E+00,  0.000000E+00,  0.000000E+00
  3.490000E+03,  1.585890E-08,  0.000000E+00,  0.000000E+00,  0.000000E+00
  3.510000E+03,  1.732082E-08,  0.000000E+00,  0.000000E+00,  0.000000E+00
  3.530000E+03,  1.582115E-08,  0.000000E+00,  0.000000E+00,  0.000000E+00
  3.550000E+03,  1.870798E-08,  0.000000E+00,  0.000000E+00,  0.000000E+00
  3.570000E+03,  1.430039E-08,  0.000000E+00,  0.000000E+00,  0.000000E+00
  3.590000E+03,  1.454340E-08,  0.000000E+00,  0.000000E+00,  0.000000E+00
  3.610000E+03,  1.749892E-08,  0.000000E+00,  0.000000E+00,  0.000000E+00
  3.630000E+03,  1.771786E-08,  0.000000E+00,  0.000000E+00,  0.000000E+00
  3.640000E+03,  1.801087E-08,  0.000000E+00,  0.000000E+00,  0.000000E+00
  3.650000E+03,  1.987974E-08,  0.000000E+00,  0.000000E+00,  0.000000E+00
  3.670000E+03,  2.080849E-08,  0.000000E+00,  0.000000E+00,  0.000000E+00
  3.690000E+03,  2.125657E-08,  0.000000E+00,  0.000000E+00,  0.000000E+00
  3.710000E+03,  2.374833E-08,  0.000000E+00,  0.000000E+00,  0.000000E+00
  3.730000E+03,  1.852690E-08,  0.000000E+00,  0.000000E+00,  0.000000E+00
  3.750000E+03,  2.067246E-08,  0.000000E+00,  0.000000E+00,  0.000000E+00
  3.770000E+03,  2.394622E-08,  0.000000E+00,  0.000000E+00,  0.000000E+00
  3.790000E+03,  2.420264E-08,  0.000000E+00,  0.000000E+00,  0.000000E+00
  3.810000E+03,  2.325815E-08,  0.000000E+00,  0.000000E+00,  0.000000E+00
  3.830000E+03,  1.691138E-08,  0.000000E+00,  0.000000E+00,  0.000000E+00
  3.850000E+03,  1.836247E-08,  0.000000E+00,  0.000000E+00,  0.000000E+00
  3.870000E+03,  1.676791E-08,  0.000000E+00,  0.000000E+00,  0.000000E+00
  3.890000E+03,  2.167206E-08,  0.000000E+00,  0.000000E+00,  0.000000E+00
  3.910000E+03,  2.522792E-08,  0.000000E+00,  0.000000E+00,  0.000000E+00
  3.930000E+03,  1.210406E-08,  0.000000E+00,  0.000000E+00,  0.000000E+00
  3.950000E+03,  2.329250E-08,  0.000000E+00,  0.000000E+00,  0.000000E+00
  3.970000E+03,  1.546589E-08,  0.000000E+00,  0.000000E+00,  0.000000E+00
  3.990000E+03,  3.246450E-08,  0.000000E+00,  0.000000E+00,  0.000000E+00
  4.010000E+03,  3.622973E-08,  0.000000E+00,  0.000000E+00,  0.000000E+00
  4.030000E+03,  3.535701E-08,  0.000000E+00,  0.000000E+00,  0.000000E+00
  4.050000E+03,  3.505174E-08,  0.000000E+00,  0.000000E+00,  0.000000E+00
  4.070000E+03,  3.465234E-08,  0.000000E+00,  0.000000E+00,  0.000000E+00
  4.090000E+03,  3.984105E-08,  0.000000E+00,  0.000000E+00,  0.000000E+00
  4.110000E+03,  3.984597E-08,  0.000000E+00,  0.000000E+00,  0.000000E+00
  4.130000E+03,  3.827050E-08,  0.000000E+00,  0.000000E+00,  0.000000E+00
  4.150000E+03,  3.751079E-08,  0.000000E+00,  0.000000E+00,  0.000000E+00
  4.170000E+03,  3.848043E-08,  0.000000E+00,  0.000000E+00,  0.000000E+00
  4.190000E+03,  3.666769E-08,  0.000000E+00,  0.000000E+00,  0.000000E+00
  4.210000E+03,  3.765833E-08,  0.000000E+00,  0.000000E+00,  0.000000E+00
  4.230000E+03,  3.796579E-08,  0.000000E+00,  0.000000E+00,  0.000000E+00
  4.250000E+03,  3.683526E-08,  0.000000E+00,  0.000000E+00,  0.000000E+00
  4.270000E+03,  3.468118E-08,  0.000000E+00,  0.000000E+00,  0.000000E+00
  4.290000E+03,  3.059288E-08,  0.000000E+00,  0.000000E+00,  0.000000E+00
  4.310000E+03,  2.414081E-08,  0.000000E+00,  0.000000E+00,  0.000000E+00
  4.330000E+03,  3.925759E-08,  0.000000E+00,  0.000000E+00,  0.000000E+00
  4.350000E+03,  3.730767E-08,  0.000000E+00,  0.000000E+00,  0.000000E+00
  4.370000E+03,  3.941401E-08,  0.000000E+00,  0.000000E+00,  0.000000E+00
  4.390000E+03,  3.703751E-08,  0.000000E+00,  0.000000E+00,  0.000000E+00
  4.410000E+03,  4.169459E-08,  0.000000E+00,  0.000000E+00,  0.000000E+00
  4.430000E+03,  4.767966E-08,  0.000000E+00,  0.000000E+00,  0.000000E+00
  4.450000E+03,  4.753560E-08,  0.000000E+00,  0.000000E+00,  0.000000E+00
  4.470000E+03,  5.040029E-08,  0.000000E+00,  0.000000E+00,  0.000000E+00
  4.490000E+03,  5.238027E-08,  0.000000E+00,  0.000000E+00,  0.000000E+00
  4.510000E+03,  5.634280E-08,  0.000000E+00,  0.000000E+00,  0.000000E+00
  4.530000E+03,  5.213334E-08,  0.000000E+00,  0.000000E+00,  0.000000E+00
  4.550000E+03,  5.402777E-08,  0.000000E+00,  0.000000E+00,  0.000000E+00
  4.570000E+03,  5.721862E-08,  0.000000E+00,  0.000000E+00,  0.000000E+00
  4.590000E+03,  5.534621E-08,  0.000000E+00,  0.000000E+00,  0.000000E+00
  4.610000E+03,  5.751766E-08,  0.000000E+00,  0.000000E+00,  0.000000E+00
  4.630000E+03,  5.775018E-08,  0.000000E+00,  0.000000E+00,  0.000000E+00
  4.650000E+03,  5.806660E-08,  0.000000E+00,  0.000000E+00,  0.000000E+00
  4.670000E+03,  5.969410E-08,  0.000000E+00,  0.000000E+00,  0.000000E+00
  4.690000E+03,  5.961495E-08,  0.000000E+00,  0.000000E+00,  0.000000E+00
  4.710000E+03,  5.892145E-08,  0.000000E+00,  0.000000E+00,  0.000000E+00
  4.730000E+03,  6.033834E-08,  0.000000E+00,  0.000000E+00,  0.000000E+00
  4.750000E+03,  6.129435E-08,  0.000000E+00,  0.000000E+00,  0.000000E+00
  4.770000E+03,  6.111621E-08,  0.000000E+00,  0.000000E+00,  0.000000E+00
  4.790000E+03,  6.098865E-08,  0.000000E+00,  0.000000E+00,  0.000000E+00
  4.810000E+03,  6.138030E-08,  0.000000E+00,  0.000000E+00,  0.000000E+00
  4.830000E+03,  6.098152E-08,  0.000000E+00,  0.000000E+00,  0.000000E+00
  4.850000E+03,  6.022435E-08,  0.000000E+00,  0.000000E+00,  0.000000E+00
  4.870000E+03,  5.758898E-08,  0.000000E+00,  0.000000E+00,  0.000000E+00
  4.890000E+03,  6.120315E-08,  0.000000E+00,  0.000000E+00,  0.000000E+00
  4.910000E+03,  6.134396E-08,  0.000000E+00,  0.000000E+00,  0.000000E+00
  4.930000E+03,  6.075239E-08,  0.000000E+00,  0.000000E+00,  0.000000E+00
  4.950000E+03,  6.295290E-08,  0.000000E+00,  0.000000E+00,  0.000000E+00
  4.970000E+03,  6.406799E-08,  0.000000E+00,  0.000000E+00,  0.000000E+00
  4.990000E+03,  6.079640E-08,  0.000000E+00,  0.000000E+00,  0.000000E+00
  5.010000E+03,  5.904340E-08,  0.000000E+00,  0.000000E+00,  0.000000E+00
  5.030000E+03,  6.214512E-08,  0.000000E+00,  0.000000E+00,  0.000000E+00
  5.050000E+03,  6.204084E-08,  0.000000E+00,  0.000000E+00,  0.000000E+00
  5.070000E+03,  6.413113E-08,  0.000000E+00,  0.000000E+00,  0.000000E+00
  5.090000E+03,  6.223589E-08,  0.000000E+00,  0.000000E+00,  0.000000E+00
  5.110000E+03,  6.289854E-08,  0.000000E+00,  0.000000E+00,  0.000000E+00
  5.130000E+03,  6.195832E-08,  0.000000E+00,  0.000000E+00,  0.000000E+00
  5.150000E+03,  6.062752E-08,  0.000000E+00,  0.000000E+00,  0.000000E+00
  5.170000E+03,  5.921290E-08,  0.000000E+00,  0.000000E+00,  0.000000E+00
  5.190000E+03,  6.059092E-08,  0.000000E+00,  0.000000E+00,  0.000000E+00
  5.210000E+03,  6.135456E-08,  0.000000E+00,  0.000000E+00,  0.000000E+00
  5.230000E+03,  6.292157E-08,  0.000000E+00,  0.000000E+00,  0.000000E+00
  5.250000E+03,  6.433124E-08,  0.000000E+00,  0.000000E+00,  0.000000E+00
  5.270000E+03,  6.055854E-08,  0.000000E+00,  0.000000E+00,  0.000000E+00
  5.290000E+03,  6.500216E-08,  0.000000E+00,  0.000000E+00,  0.000000E+00
  5.310000E+03,  6.665290E-08,  0.000000E+00,  0.000000E+00,  0.000000E+00
  5.330000E+03,  6.307138E-08,  0.000000E+00,  0.000000E+00,  0.000000E+00
  5.350000E+03,  6.620853E-08,  0.000000E+00,  0.000000E+00,  0.000000E+00
  5.370000E+03,  6.612598E-08,  0.000000E+00,  0.000000E+00,  0.000000E+00
  5.390000E+03,  6.543161E-08,  0.000000E+00,  0.000000E+00,  0.000000E+00
  5.410000E+03,  6.487402E-08,  0.000000E+00,  0.000000E+00,  0.000000E+00
  5.430000E+03,  6.498447E-08,  0.000000E+00,  0.000000E+00,  0.000000E+00
  5.450000E+03,  6.674976E-08,  0.000000E+00,  0.000000E+00,  0.000000E+00
  5.470000E+03,  6.640508E-08,  0.000000E+00,  0.000000E+00,  0.000000E+00
  5.490000E+03,  6.669534E-08,  0.000000E+00,  0.000000E+00,  0.000000E+00
  5.510000E+03,  6.641256E-08,  0.000000E+00,  0.000000E+00,  0.000000E+00
  5.530000E+03,  6.729702E-08,  0.000000E+00,  0.000000E+00,  0.000000E+00
  5.550000E+03,  6.818874E-08,  0.000000E+00,  0.000000E+00,  0.000000E+00
  5.570000E+03,  6.680589E-08,  0.000000E+00,  0.000000E+00,  0.000000E+00
  5.590000E+03,  6.614103E-08,  0.000000E+00,  0.000000E+00,  0.000000E+00
  5.610000E+03,  6.722679E-08,  0.000000E+00,  0.000000E+00,  0.000000E+00
  5.630000E+03,  6.801849E-08,  0.000000E+00,  0.000000E+00,  0.000000E+00
  5.650000E+03,  6.798066E-08,  0.000000E+00,  0.000000E+00,  0.000000E+00
  5.670000E+03,  6.698550E-08,  0.000000E+00,  0.000000E+00,  0.000000E+00
  5.690000E+03,  6.814338E-08,  0.000000E+00,  0.000000E+00,  0.000000E+00
  5.710000E+03,  6.643312E-08,  0.000000E+00,  0.000000E+00,  0.000000E+00
  5.730000E+03,  6.931603E-08,  0.000000E+00,  0.000000E+00,  0.000000E+00
  5.750000E+03,  6.842385E-08,  0.000000E+00,  0.000000E+00,  0.000000E+00
  5.770000E+03,  6.885649E-08,  0.000000E+00,  0.000000E+00,  0.000000E+00
  5.790000E+03,  6.792120E-08,  0.000000E+00,  0.000000E+00,  0.000000E+00
  5.810000E+03,  6.878966E-08,  0.000000E+00,  0.000000E+00,  0.000000E+00
  5.830000E+03,  6.937552E-08,  0.000000E+00,  0.000000E+00,  0.000000E+00
  5.850000E+03,  6.834658E-08,  0.000000E+00,  0.000000E+00,  0.000000E+00
  5.870000E+03,  6.864393E-08,  0.000000E+00,  0.000000E+00,  0.000000E+00
  5.890000E+03,  6.605786E-08,  0.000000E+00,  0.000000E+00,  0.000000E+00
  5.910000E+03,  6.831776E-08,  0.000000E+00,  0.000000E+00,  0.000000E+00
  5.930000E+03,  6.836845E-08,  0.000000E+00,  0.000000E+00,  0.000000E+00
  5.950000E+03,  6.839728E-08,  0.000000E+00,  0.000000E+00,  0.000000E+00
  5.970000E+03,  6.868297E-08,  0.000000E+00,  0.000000E+00,  0.000000E+00
  5.990000E+03,  6.843147E-08,  0.000000E+00,  0.000000E+00,  0.000000E+00
  6.010000E+03,  6.767340E-08,  0.000000E+00,  0.000000E+00,  0.000000E+00
  6.030000E+03,  6.811437E-08,  0.000000E+00,  0.000000E+00,  0.000000E+00
  6.050000E+03,  6.887638E-08,  0.000000E+00,  0.000000E+00,  0.000000E+00
  6.070000E+03,  6.835374E-08,  0.000000E+00,  0.000000E+00,  0.000000E+00
  6.090000E+03,  6.781929E-08,  0.000000E+00,  0.000000E+00,  0.000000E+00
  6.110000E+03,  6.753419E-08,  0.000000E+00,  0.000000E+00,  0.000000E+00
  6.130000E+03,  6.588592E-08,  0.000000E+00,  0.000000E+00,  0.000000E+00
  6.150000E+03,  6.691261E-08,  0.000000E+00,  0.000000E+00,  0.000000E+00
  6.170000E+03,  6.558039E-08,  0.000000E+00,  0.000000E+00,  0.000000E+00
  6.190000E+03,  6.724404E-08,  0.000000E+00,  0.000000E+00,  0.000000E+00
  6.210000E+03,  6.734449E-08,  0.000000E+00,  0.000000E+00,  0.000000E+00
  6.230000E+03,  6.626313E-08,  0.000000E+00,  0.000000E+00,  0.000000E+00
  6.250000E+03,  6.488769E-08,  0.000000E+00,  0.000000E+00,  0.000000E+00
  6.270000E+03,  6.681520E-08,  0.000000E+00,  0.000000E+00,  0.000000E+00
  6.290000E+03,  6.690067E-08,  0.000000E+00,  0.000000E+00,  0.000000E+00
  6.310000E+03,  6.585285E-08,  0.000000E+00,  0.000000E+00,  0.000000E+00
  6.330000E+03,  6.632673E-08,  0.000000E+00,  0.000000E+00,  0.000000E+00
  6.350000E+03,  6.683256E-08,  0.000000E+00,  0.000000E+00,  0.000000E+00
  6.370000E+03,  6.678786E-08,  0.000000E+00,  0.000000E+00,  0.000000E+00
  6.390000E+03,  6.653361E-08,  0.000000E+00,  0.000000E+00,  0.000000E+00
  6.410000E+03,  6.558067E-08,  0.000000E+00,  0.000000E+00,  0.000000E+00
  6.430000E+03,  6.601806E-08,  0.000000E+00,  0.000000E+00,  0.000000E+00
  6.450000E+03,  6.596731E-08,  0.000000E+00,  0.000000E+00,  0.000000E+00
  6.470000E+03,  6.569359E-08,  0.000000E+00,  0.000000E+00,  0.000000E+00
  6.490000E+03,  6.460711E-08,  0.000000E+00,  0.000000E+00,  0.000000E+00
  6.510000E+03,  6.601289E-08,  0.000000E+00,  0.000000E+00,  0.000000E+00
  6.530000E+03,  6.642184E-08,  0.000000E+00,  0.000000E+00,  0.000000E+00
  6.550000E+03,  6.564919E-08,  0.000000E+00,  0.000000E+00,  0.000000E+00
  6.570000E+03,  6.257392E-08,  0.000000E+00,  0.000000E+00,  0.000000E+00
  6.590000E+03,  6.540762E-08,  0.000000E+00,  0.000000E+00,  0.000000E+00
  6.610000E+03,  6.565131E-08,  0.000000E+00,  0.000000E+00,  0.000000E+00
  6.630000E+03,  6.579172E-08,  0.000000E+00,  0.000000E+00,  0.000000E+00
  6.650000E+03,  6.543085E-08,  0.000000E+00,  0.000000E+00,  0.000000E+00
  6.670000E+03,  6.498065E-08,  0.000000E+00,  0.000000E+00,  0.000000E+00
  6.690000E+03,  6.579875E-08,  0.000000E+00,  0.000000E+00,  0.000000E+00
  6.710000E+03,  6.491577E-08,  0.000000E+00,  0.000000E+00,  0.000000E+00
  6.730000E+03,  6.551893E-08,  0.000000E+00,  0.000000E+00,  0.000000E+00
  6.750000E+03,  6.488750E-08,  0.000000E+00,  0.000000E+00,  0.000000E+00
  6.770000E+03,  6.486286E-08,  0.000000E+00,  0.000000E+00,  0.000000E+00
  6.790000E+03,  6.492160E-08,  0.000000E+00,  0.000000E+00,  0.000000E+00
  6.810000E+03,  6.460287E-08,  0.000000E+00,  0.000000E+00,  0.000000E+00
  6.830000E+03,  6.486338E-08,  0.000000E+00,  0.000000E+00,  0.000000E+00
  6.850000E+03,  6.412986E-08,  0.000000E+00,  0.000000E+00,  0.000000E+00
  6.870000E+03,  6.420056E-08,  0.000000E+00,  0.000000E+00,  0.000000E+00
  6.890000E+03,  6.454171E-08,  0.000000E+00,  0.000000E+00,  0.000000E+00
  6.910000E+03,  6.414059E-08,  0.000000E+00,  0.000000E+00,  0.000000E+00
  6.930000E+03,  6.403764E-08,  0.000000E+00,  0.000000E+00,  0.000000E+00
  6.950000E+03,  6.352666E-08,  0.000000E+00,  0.000000E+00,  0.000000E+00
  6.970000E+03,  6.374991E-08,  0.000000E+00,  0.000000E+00,  0.000000E+00
  6.990000E+03,  6.339134E-08,  0.000000E+00,  0.000000E+00,  0.000000E+00
  7.010000E+03,  6.276029E-08,  0.000000E+00,  0.000000E+00,  0.000000E+00
  7.030000E+03,  6.310738E-08,  0.000000E+00,  0.000000E+00,  0.000000E+00
  7.050000E+03,  6.315929E-08,  0.000000E+00,  0.000000E+00,  0.000000E+00
  7.070000E+03,  6.279216E-08,  0.000000E+00,  0.000000E+00,  0.000000E+00
  7.090000E+03,  6.266278E-08,  0.000000E+00,  0.000000E+00,  0.000000E+00
  7.110000E+03,  6.259942E-08,  0.000000E+00,  0.000000E+00,  0.000000E+00
  7.130000E+03,  6.195569E-08,  0.000000E+00,  0.000000E+00,  0.000000E+00
  7.150000E+03,  6.176682E-08,  0.000000E+00,  0.000000E+00,  0.000000E+00
  7.170000E+03,  6.197904E-08,  0.000000E+00,  0.000000E+00,  0.000000E+00
  7.190000E+03,  6.081914E-08,  0.000000E+00,  0.000000E+00,  0.000000E+00
  7.210000E+03,  6.122234E-08,  0.000000E+00,  0.000000E+00,  0.000000E+00
  7.230000E+03,  6.161838E-08,  0.000000E+00,  0.000000E+00,  0.000000E+00
  7.250000E+03,  6.160209E-08,  0.000000E+00,  0.000000E+00,  0.000000E+00
  7.270000E+03,  6.140793E-08,  0.000000E+00,  0.000000E+00,  0.000000E+00
  7.290000E+03,  6.064628E-08,  0.000000E+00,  0.000000E+00,  0.000000E+00
  7.310000E+03,  6.092717E-08,  0.000000E+00,  0.000000E+00,  0.000000E+00
  7.330000E+03,  6.077421E-08,  0.000000E+00,  0.000000E+00,  0.000000E+00
  7.350000E+03,  6.076296E-08,  0.000000E+00,  0.000000E+00,  0.000000E+00
  7.370000E+03,  6.098673E-08,  0.000000E+00,  0.000000E+00,  0.000000E+00
  7.390000E+03,  6.022008E-08,  0.000000E+00,  0.000000E+00,  0.000000E+00
  7.410000E+03,  5.954686E-08,  0.000000E+00,  0.000000E+00,  0.000000E+00
  7.430000E+03,  6.000064E-08,  0.000000E+00,  0.000000E+00,  0.000000E+00
  7.450000E+03,  6.001319E-08,  0.000000E+00,  0.000000E+00,  0.000000E+00
  7.470000E+03,  6.003789E-08,  0.000000E+00,  0.000000E+00,  0.000000E+00
  7.490000E+03,  5.968280E-08,  0.000000E+00,  0.000000E+00,  0.000000E+00
  7.510000E+03,  5.967216E-08,  0.000000E+00,  0.000000E+00,  0.000000E+00
  7.530000E+03,  5.963036E-08,  0.000000E+00,  0.000000E+00,  0.000000E+00
  7.550000E+03,  5.972963E-08,  0.000000E+00,  0.000000E+00,  0.000000E+00
  7.570000E+03,  5.941653E-08,  0.000000E+00,  0.000000E+00,  0.000000E+00
  7.590000E+03,  5.915025E-08,  0.000000E+00,  0.000000E+00,  0.000000E+00
  7.610000E+03,  5.915655E-08,  0.000000E+00,  0.000000E+00,  0.000000E+00
  7.630000E+03,  5.905722E-08,  0.000000E+00,  0.000000E+00,  0.000000E+00
  7.650000E+03,  5.902108E-08,  0.000000E+00,  0.000000E+00,  0.000000E+00
  7.670000E+03,  5.802631E-08,  0.000000E+00,  0.000000E+00,  0.000000E+00
  7.690000E+03,  5.878924E-08,  0.000000E+00,  0.000000E+00,  0.000000E+00
  7.710000E+03,  5.792018E-08,  0.000000E+00,  0.000000E+00,  0.000000E+00
  7.730000E+03,  5.803315E-08,  0.000000E+00,  0.000000E+00,  0.000000E+00
  7.750000E+03,  5.771118E-08,  0.000000E+00,  0.000000E+00,  0.000000E+00
  7.770000E+03,  5.827128E-08,  0.000000E+00,  0.000000E+00,  0.000000E+00
  7.790000E+03,  5.783501E-08,  0.000000E+00,  0.000000E+00,  0.000000E+00
  7.810000E+03,  5.795622E-08,  0.000000E+00,  0.000000E+00,  0.000000E+00
  7.830000E+03,  5.745092E-08,  0.000000E+00,  0.000000E+00,  0.000000E+00
  7.850000E+03,  5.739557E-08,  0.000000E+00,  0.000000E+00,  0.000000E+00
  7.870000E+03,  5.741123E-08,  0.000000E+00,  0.000000E+00,  0.000000E+00
  7.890000E+03,  5.694644E-08,  0.000000E+00,  0.000000E+00,  0.000000E+00
  7.910000E+03,  5.628584E-08,  0.000000E+00,  0.000000E+00,  0.000000E+00
  7.930000E+03,  5.592986E-08,  0.000000E+00,  0.000000E+00,  0.000000E+00
  7.950000E+03,  5.567350E-08,  0.000000E+00,  0.000000E+00,  0.000000E+00
  7.970000E+03,  5.630211E-08,  0.000000E+00,  0.000000E+00,  0.000000E+00
  7.990000E+03,  5.612772E-08,  0.000000E+00,  0.000000E+00,  0.000000E+00
  8.010000E+03,  5.575468E-08,  0.000000E+00,  0.000000E+00,  0.000000E+00
  8.030000E+03,  5.577781E-08,  0.000000E+00,  0.000000E+00,  0.000000E+00
  8.050000E+03,  5.528993E-08,  0.000000E+00,  0.000000E+00,  0.000000E+00
  8.070000E+03,  5.538754E-08,  0.000000E+00,  0.000000E+00,  0.000000E+00
  8.090000E+03,  5.473718E-08,  0.000000E+00,  0.000000E+00,  0.000000E+00
  8.110000E+03,  5.492918E-08,  0.000000E+00,  0.000000E+00,  0.000000E+00
  8.130000E+03,  5.494404E-08,  0.000000E+00,  0.000000E+00,  0.000000E+00
  8.150000E+03,  5.479242E-08,  0.000000E+00,  0.000000E+00,  0.000000E+00
  8.170000E+03,  5.467951E-08,  0.000000E+00,  0.000000E+00,  0.000000E+00
  8.190000E+03,  5.387775E-08,  0.000000E+00,  0.000000E+00,  0.000000E+00
  8.210000E+03,  5.397677E-08,  0.000000E+00,  0.000000E+00,  0.000000E+00
  8.230000E+03,  5.378465E-08,  0.000000E+00,  0.000000E+00,  0.000000E+00
  8.250000E+03,  5.402239E-08,  0.000000E+00,  0.000000E+00,  0.000000E+00
  8.270000E+03,  5.414878E-08,  0.000000E+00,  0.000000E+00,  0.000000E+00
  8.290000E+03,  5.389347E-08,  0.000000E+00,  0.000000E+00,  0.000000E+00
  8.310000E+03,  5.335676E-08,  0.000000E+00,  0.000000E+00,  0.000000E+00
  8.330000E+03,  5.286690E-08,  0.000000E+00,  0.000000E+00,  0.000000E+00
  8.350000E+03,  5.323482E-08,  0.000000E+00,  0.000000E+00,  0.000000E+00
  8.370000E+03,  5.307372E-08,  0.000000E+00,  0.000000E+00,  0.000000E+00
  8.390000E+03,  5.212862E-08,  0.000000E+00,  0.000000E+00,  0.000000E+00
  8.410000E+03,  5.289880E-08,  0.000000E+00,  0.000000E+00,  0.000000E+00
  8.430000E+03,  5.214822E-08,  0.000000E+00,  0.000000E+00,  0.000000E+00
  8.450000E+03,  5.268612E-08,  0.000000E+00,  0.000000E+00,  0.000000E+00
  8.470000E+03,  5.216786E-08,  0.000000E+00,  0.000000E+00,  0.000000E+00
  8.490000E+03,  5.189795E-08,  0.000000E+00,  0.000000E+00,  0.000000E+00
  8.510000E+03,  4.976629E-08,  0.000000E+00,  0.000000E+00,  0.000000E+00
  8.530000E+03,  5.157880E-08,  0.000000E+00,  0.000000E+00,  0.000000E+00
  8.550000E+03,  4.558280E-08,  0.000000E+00,  0.000000E+00,  0.000000E+00
  8.570000E+03,  5.194105E-08,  0.000000E+00,  0.000000E+00,  0.000000E+00
  8.590000E+03,  5.150414E-08,  0.000000E+00,  0.000000E+00,  0.000000E+00
  8.610000E+03,  5.126386E-08,  0.000000E+00,  0.000000E+00,  0.000000E+00
  8.630000E+03,  5.141286E-08,  0.000000E+00,  0.000000E+00,  0.000000E+00
  8.650000E+03,  5.116416E-08,  0.000000E+00,  0.000000E+00,  0.000000E+00
  8.670000E+03,  4.573081E-08,  0.000000E+00,  0.000000E+00,  0.000000E+00
  8.690000E+03,  5.032053E-08,  0.000000E+00,  0.000000E+00,  0.000000E+00
  8.710000E+03,  5.083211E-08,  0.000000E+00,  0.000000E+00,  0.000000E+00
  8.730000E+03,  5.078081E-08,  0.000000E+00,  0.000000E+00,  0.000000E+00
  8.750000E+03,  5.018022E-08,  0.000000E+00,  0.000000E+00,  0.000000E+00
  8.770000E+03,  5.059571E-08,  0.000000E+00,  0.000000E+00,  0.000000E+00
  8.790000E+03,  5.026253E-08,  0.000000E+00,  0.000000E+00,  0.000000E+00
  8.810000E+03,  4.962352E-08,  0.000000E+00,  0.000000E+00,  0.000000E+00
  8.830000E+03,  4.969398E-08,  0.000000E+00,  0.000000E+00,  0.000000E+00
  8.850000E+03,  4.978530E-08,  0.000000E+00,  0.000000E+00,  0.000000E+00
  8.870000E+03,  4.925351E-08,  0.000000E+00,  0.000000E+00,  0.000000E+00
  8.890000E+03,  4.978398E-08,  0.000000E+00,  0.000000E+00,  0.000000E+00
  8.910000E+03,  4.969196E-08,  0.000000E+00,  0.000000E+00,  0.000000E+00
  8.930000E+03,  4.930676E-08,  0.000000E+00,  0.000000E+00,  0.000000E+00
  8.950000E+03,  4.897665E-08,  0.000000E+00,  0.000000E+00,  0.000000E+00
  8.970000E+03,  4.904907E-08,  0.000000E+00,  0.000000E+00,  0.000000E+00
  8.990000E+03,  4.903969E-08,  0.000000E+00,  0.000000E+00,  0.000000E+00
  9.010000E+03,  4.785658E-08,  0.000000E+00,  0.000000E+00,  0.000000E+00
  9.030000E+03,  4.864511E-08,  0.000000E+00,  0.000000E+00,  0.000000E+00
  9.050000E+03,  4.873577E-08,  0.000000E+00,  0.000000E+00,  0.000000E+00
  9.070000E+03,  4.839705E-08,  0.000000E+00,  0.000000E+00,  0.000000E+00
  9.090000E+03,  4.750482E-08,  0.000000E+00,  0.000000E+00,  0.000000E+00
  9.110000E+03,  4.779690E-08,  0.000000E+00,  0.000000E+00,  0.000000E+00
  9.130000E+03,  4.790860E-08,  0.000000E+00,  0.000000E+00,  0.000000E+00
  9.150000E+03,  4.724893E-08,  0.000000E+00,  0.000000E+00,  0.000000E+00
  9.170000E+03,  4.683949E-08,  0.000000E+00,  0.000000E+00,  0.000000E+00
  9.190000E+03,  4.677759E-08,  0.000000E+00,  0.000000E+00,  0.000000E+00
  9.210000E+03,  4.621478E-08,  0.000000E+00,  0.000000E+00,  0.000000E+00
  9.230000E+03,  4.610008E-08,  0.000000E+00,  0.000000E+00,  0.000000E+00
  9.250000E+03,  4.598067E-08,  0.000000E+00,  0.000000E+00,  0.000000E+00
  9.270000E+03,  4.625851E-08,  0.000000E+00,  0.000000E+00,  0.000000E+00
  9.290000E+03,  4.604274E-08,  0.000000E+00,  0.000000E+00,  0.000000E+00
  9.310000E+03,  4.620640E-08,  0.000000E+00,  0.000000E+00,  0.000000E+00
  9.330000E+03,  4.611638E-08,  0.000000E+00,  0.000000E+00,  0.000000E+00
  9.350000E+03,  4.583644E-08,  0.000000E+00,  0.000000E+00,  0.000000E+00
  9.370000E+03,  4.554180E-08,  0.000000E+00,  0.000000E+00,  0.000000E+00
  9.390000E+03,  4.552763E-08,  0.000000E+00,  0.000000E+00,  0.000000E+00
  9.410000E+03,  4.484700E-08,  0.000000E+00,  0.000000E+00,  0.000000E+00
  9.430000E+03,  4.514162E-08,  0.000000E+00,  0.000000E+00,  0.000000E+00
  9.450000E+03,  4.484848E-08,  0.000000E+00,  0.000000E+00,  0.000000E+00
  9.470000E+03,  4.504622E-08,  0.000000E+00,  0.000000E+00,  0.000000E+00
  9.490000E+03,  4.493586E-08,  0.000000E+00,  0.000000E+00,  0.000000E+00
  9.510000E+03,  4.495117E-08,  0.000000E+00,  0.000000E+00,  0.000000E+00
  9.530000E+03,  4.467225E-08,  0.000000E+00,  0.000000E+00,  0.000000E+00
  9.550000E+03,  4.440149E-08,  0.000000E+00,  0.000000E+00,  0.000000E+00
  9.570000E+03,  4.447102E-08,  0.000000E+00,  0.000000E+00,  0.000000E+00
  9.590000E+03,  4.448066E-08,  0.000000E+00,  0.000000E+00,  0.000000E+00
  9.610000E+03,  4.428347E-08,  0.000000E+00,  0.000000E+00,  0.000000E+00
  9.630000E+03,  4.407601E-08,  0.000000E+00,  0.000000E+00,  0.000000E+00
  9.650000E+03,  4.367245E-08,  0.000000E+00,  0.000000E+00,  0.000000E+00
  9.670000E+03,  4.362996E-08,  0.000000E+00,  0.000000E+00,  0.000000E+00
  9.690000E+03,  4.382007E-08,  0.000000E+00,  0.000000E+00,  0.000000E+00
  9.710000E+03,  4.359742E-08,  0.000000E+00,  0.000000E+00,  0.000000E+00
  9.730000E+03,  4.349842E-08,  0.000000E+00,  0.000000E+00,  0.000000E+00
  9.750000E+03,  4.323833E-08,  0.000000E+00,  0.000000E+00,  0.000000E+00
  9.770000E+03,  4.328732E-08,  0.000000E+00,  0.000000E+00,  0.000000E+00
  9.790000E+03,  4.294306E-08,  0.000000E+00,  0.000000E+00,  0.000000E+00
  9.810000E+03,  4.318191E-08,  0.000000E+00,  0.000000E+00,  0.000000E+00
  9.830000E+03,  4.308674E-08,  0.000000E+00,  0.000000E+00,  0.000000E+00
  9.850000E+03,  4.299535E-08,  0.000000E+00,  0.000000E+00,  0.000000E+00
  9.870000E+03,  4.278329E-08,  0.000000E+00,  0.000000E+00,  0.000000E+00
  9.890000E+03,  4.270142E-08,  0.000000E+00,  0.000000E+00,  0.000000E+00
  9.910000E+03,  4.254606E-08,  0.000000E+00,  0.000000E+00,  0.000000E+00
  9.930000E+03,  4.256209E-08,  0.000000E+00,  0.000000E+00,  0.000000E+00
  9.950000E+03,  4.242591E-08,  0.000000E+00,  0.000000E+00,  0.000000E+00
  9.970000E+03,  4.234006E-08,  0.000000E+00,  0.000000E+00,  0.000000E+00
  9.990000E+03,  4.222594E-08,  0.000000E+00,  0.000000E+00,  0.000000E+00
  1.002500E+04,  4.193224E-08,  0.000000E+00,  0.000000E+00,  0.000000E+00
  1.007500E+04,  4.155519E-08,  0.000000E+00,  0.000000E+00,  0.000000E+00
  1.012500E+04,  4.131209E-08,  0.000000E+00,  0.000000E+00,  0.000000E+00
  1.017500E+04,  4.090827E-08,  0.000000E+00,  0.000000E+00,  0.000000E+00
  1.022500E+04,  4.068929E-08,  0.000000E+00,  0.000000E+00,  0.000000E+00
  1.027500E+04,  4.050476E-08,  0.000000E+00,  0.000000E+00,  0.000000E+00
  1.032500E+04,  3.991621E-08,  0.000000E+00,  0.000000E+00,  0.000000E+00
  1.037500E+04,  3.970794E-08,  0.000000E+00,  0.000000E+00,  0.000000E+00
  1.042500E+04,  3.962058E-08,  0.000000E+00,  0.000000E+00,  0.000000E+00
  1.047500E+04,  3.920554E-08,  0.000000E+00,  0.000000E+00,  0.000000E+00
  1.052500E+04,  3.904587E-08,  0.000000E+00,  0.000000E+00,  0.000000E+00
  1.057500E+04,  3.863639E-08,  0.000000E+00,  0.000000E+00,  0.000000E+00
  1.062500E+04,  3.830079E-08,  0.000000E+00,  0.000000E+00,  0.000000E+00
  1.067500E+04,  3.786792E-08,  0.000000E+00,  0.000000E+00,  0.000000E+00
  1.072500E+04,  3.781265E-08,  0.000000E+00,  0.000000E+00,  0.000000E+00
  1.077500E+04,  3.737928E-08,  0.000000E+00,  0.000000E+00,  0.000000E+00
  1.082500E+04,  3.696730E-08,  0.000000E+00,  0.000000E+00,  0.000000E+00
  1.087500E+04,  3.674588E-08,  0.000000E+00,  0.000000E+00,  0.000000E+00
  1.092500E+04,  3.633583E-08,  0.000000E+00,  0.000000E+00,  0.000000E+00
  1.097500E+04,  3.555200E-08,  0.000000E+00,  0.000000E+00,  0.000000E+00
  1.102500E+04,  3.532764E-08,  0.000000E+00,  0.000000E+00,  0.000000E+00
  1.107500E+04,  3.530635E-08,  0.000000E+00,  0.000000E+00,  0.000000E+00
  1.112500E+04,  3.502851E-08,  0.000000E+00,  0.000000E+00,  0.000000E+00
  1.117500E+04,  3.492596E-08,  0.000000E+00,  0.000000E+00,  0.000000E+00
  1.122500E+04,  3.479679E-08,  0.000000E+00,  0.000000E+00,  0.000000E+00
  1.127500E+04,  3.438787E-08,  0.000000E+00,  0.000000E+00,  0.000000E+00
  1.132500E+04,  3.438573E-08,  0.000000E+00,  0.000000E+00,  0.000000E+00
  1.137500E+04,  3.398496E-08,  0.000000E+00,  0.000000E+00,  0.000000E+00
  1.142500E+04,  3.374505E-08,  0.000000E+00,  0.000000E+00,  0.000000E+00
  1.147500E+04,  3.380138E-08,  0.000000E+00,  0.000000E+00,  0.000000E+00
  1.152500E+04,  3.363629E-08,  0.000000E+00,  0.000000E+00,  0.000000E+00
  1.157500E+04,  3.327447E-08,  0.000000E+00,  0.000000E+00,  0.000000E+00
  1.162500E+04,  3.286915E-08,  0.000000E+00,  0.000000E+00,  0.000000E+00
  1.167500E+04,  3.281353E-08,  0.000000E+00,  0.000000E+00,  0.000000E+00
  1.172500E+04,  3.284609E-08,  0.000000E+00,  0.000000E+00,  0.000000E+00
  1.177500E+04,  3.239493E-08,  0.000000E+00,  0.000000E+00,  0.000000E+00
  1.182500E+04,  3.217081E-08,  0.000000E+00,  0.000000E+00,  0.000000E+00
  1.187500E+04,  3.184796E-08,  0.000000E+00,  0.000000E+00,  0.000000E+00
  1.192500E+04,  3.201034E-08,  0.000000E+00,  0.000000E+00,  0.000000E+00
  1.197500E+04,  3.129539E-08,  0.000000E+00,  0.000000E+00,  0.000000E+00
  1.202500E+04,  3.140045E-08,  0.000000E+00,  0.000000E+00,  0.000000E+00
  1.207500E+04,  3.117312E-08,  0.000000E+00,  0.000000E+00,  0.000000E+00
  1.212500E+04,  3.106804E-08,  0.000000E+00,  0.000000E+00,  0.000000E+00
  1.217500E+04,  3.098504E-08,  0.000000E+00,  0.000000E+00,  0.000000E+00
  1.222500E+04,  3.079234E-08,  0.000000E+00,  0.000000E+00,  0.000000E+00
  1.227500E+04,  3.052360E-08,  0.000000E+00,  0.000000E+00,  0.000000E+00
  1.232500E+04,  3.040474E-08,  0.000000E+00,  0.000000E+00,  0.000000E+00
  1.237500E+04,  3.018791E-08,  0.000000E+00,  0.000000E+00,  0.000000E+00
  1.242500E+04,  3.001410E-08,  0.000000E+00,  0.000000E+00,  0.000000E+00
  1.247500E+04,  2.985746E-08,  0.000000E+00,  0.000000E+00,  0.000000E+00
  1.252500E+04,  2.965731E-08,  0.000000E+00,  0.000000E+00,  0.000000E+00
  1.257500E+04,  2.947728E-08,  0.000000E+00,  0.000000E+00,  0.000000E+00
  1.262500E+04,  2.928829E-08,  0.000000E+00,  0.000000E+00,  0.000000E+00
  1.267500E+04,  2.910651E-08,  0.000000E+00,  0.000000E+00,  0.000000E+00
  1.272500E+04,  2.897505E-08,  0.000000E+00,  0.000000E+00,  0.000000E+00
  1.277500E+04,  2.881422E-08,  0.000000E+00,  0.000000E+00,  0.000000E+00
  1.282500E+04,  2.825132E-08,  0.000000E+00,  0.000000E+00,  0.000000E+00
  1.287500E+04,  2.843000E-08,  0.000000E+00,  0.000000E+00,  0.000000E+00
  1.292500E+04,  2.820986E-08,  0.000000E+00,  0.000000E+00,  0.000000E+00
  1.297500E+04,  2.813945E-08,  0.000000E+00,  0.000000E+00,  0.000000E+00
  1.302500E+04,  2.797262E-08,  0.000000E+00,  0.000000E+00,  0.000000E+00
  1.307500E+04,  2.783806E-08,  0.000000E+00,  0.000000E+00,  0.000000E+00
  1.312500E+04,  2.756281E-08,  0.000000E+00,  0.000000E+00,  0.000000E+00
  1.317500E+04,  2.738496E-08,  0.000000E+00,  0.000000E+00,  0.000000E+00
  1.322500E+04,  2.736531E-08,  0.000000E+00,  0.000000E+00,  0.000000E+00
  1.327500E+04,  2.706678E-08,  0.000000E+00,  0.000000E+00,  0.000000E+00
  1.332500E+04,  2.702332E-08,  0.000000E+00,  0.000000E+00,  0.000000E+00
  1.337500E+04,  2.688950E-08,  0.000000E+00,  0.000000E+00,  0.000000E+00
  1.342500E+04,  2.680232E-08,  0.000000E+00,  0.000000E+00,  0.000000E+00
  1.347500E+04,  2.665730E-08,  0.000000E+00,  0.000000E+00,  0.000000E+00
  1.352500E+04,  2.652668E-08,  0.000000E+00,  0.000000E+00,  0.000000E+00
  1.357500E+04,  2.628870E-08,  0.000000E+00,  0.000000E+00,  0.000000E+00
  1.362500E+04,  2.612483E-08,  0.000000E+00,  0.000000E+00,  0.000000E+00
  1.367500E+04,  2.608167E-08,  0.000000E+00,  0.000000E+00,  0.000000E+00
  1.372500E+04,  2.596598E-08,  0.000000E+00,  0.000000E+00,  0.000000E+00
  1.377500E+04,  2.583759E-08,  0.000000E+00,  0.000000E+00,  0.000000E+00
  1.382500E+04,  2.572628E-08,  0.000000E+00,  0.000000E+00,  0.000000E+00
  1.387500E+04,  2.552186E-08,  0.000000E+00,  0.000000E+00,  0.000000E+00
  1.392500E+04,  2.543813E-08,  0.000000E+00,  0.000000E+00,  0.000000E+00
  1.397500E+04,  2.532401E-08,  0.000000E+00,  0.000000E+00,  0.000000E+00
  1.402500E+04,  2.513140E-08,  0.000000E+00,  0.000000E+00,  0.000000E+00
  1.407500E+04,  2.501692E-08,  0.000000E+00,  0.000000E+00,  0.000000E+00
  1.412500E+04,  2.474625E-08,  0.000000E+00,  0.000000E+00,  0.000000E+00
  1.417500E+04,  2.468819E-08,  0.000000E+00,  0.000000E+00,  0.000000E+00
  1.422500E+04,  2.443548E-08,  0.000000E+00,  0.000000E+00,  0.000000E+00
  1.427500E+04,  2.427693E-08,  0.000000E+00,  0.000000E+00,  0.000000E+00
  1.432500E+04,  2.434654E-08,  0.000000E+00,  0.000000E+00,  0.000000E+00
  1.437500E+04,  2.431655E-08,  0.000000E+00,  0.000000E+00,  0.000000E+00
  1.442500E+04,  2.397119E-08,  0.000000E+00,  0.000000E+00,  0.000000E+00
  1.447500E+04,  2.414439E-08,  0.000000E+00,  0.000000E+00,  0.000000E+00
  1.452500E+04,  2.384518E-08,  0.000000E+00,  0.000000E+00,  0.000000E+00
  1.457000E+04,  2.377292E-08,  0.000000E+00,  0.000000E+00,  0.000000E+00
  1.462000E+04,  2.370649E-08,  0.000000E+00,  0.000000E+00,  0.000000E+00
  1.467500E+04,  2.359601E-08,  0.000000E+00,  0.000000E+00,  0.000000E+00
  1.472500E+04,  2.342539E-08,  0.000000E+00,  0.000000E+00,  0.000000E+00
  1.477500E+04,  2.341205E-08,  0.000000E+00,  0.000000E+00,  0.000000E+00
  1.482500E+04,  2.331498E-08,  0.000000E+00,  0.000000E+00,  0.000000E+00
  1.487500E+04,  2.307984E-08,  0.000000E+00,  0.000000E+00,  0.000000E+00
  1.492500E+04,  2.326457E-08,  0.000000E+00,  0.000000E+00,  0.000000E+00
  1.497500E+04,  2.311626E-08,  0.000000E+00,  0.000000E+00,  0.000000E+00
  1.502500E+04,  2.279162E-08,  0.000000E+00,  0.000000E+00,  0.000000E+00
  1.507500E+04,  2.269491E-08,  0.000000E+00,  0.000000E+00,  0.000000E+00
  1.512500E+04,  2.284480E-08,  0.000000E+00,  0.000000E+00,  0.000000E+00
  1.517500E+04,  2.280333E-08,  0.000000E+00,  0.000000E+00,  0.000000E+00
  1.522500E+04,  2.264440E-08,  0.000000E+00,  0.000000E+00,  0.000000E+00
  1.527500E+04,  2.254780E-08,  0.000000E+00,  0.000000E+00,  0.000000E+00
  1.532500E+04,  2.250345E-08,  0.000000E+00,  0.000000E+00,  0.000000E+00
  1.537500E+04,  2.242946E-08,  0.000000E+00,  0.000000E+00,  0.000000E+00
  1.542500E+04,  2.229980E-08,  0.000000E+00,  0.000000E+00,  0.000000E+00
  1.547500E+04,  2.234438E-08,  0.000000E+00,  0.000000E+00,  0.000000E+00
  1.552500E+04,  2.219082E-08,  0.000000E+00,  0.000000E+00,  0.000000E+00
  1.557500E+04,  2.191300E-08,  0.000000E+00,  0.000000E+00,  0.000000E+00
  1.562500E+04,  2.207916E-08,  0.000000E+00,  0.000000E+00,  0.000000E+00
  1.567500E+04,  2.188541E-08,  0.000000E+00,  0.000000E+00,  0.000000E+00
  1.572500E+04,  2.159170E-08,  0.000000E+00,  0.000000E+00,  0.000000E+00
  1.577500E+04,  2.146556E-08,  0.000000E+00,  0.000000E+00,  0.000000E+00
  1.582500E+04,  2.157783E-08,  0.000000E+00,  0.000000E+00,  0.000000E+00
  1.587500E+04,  2.092302E-08,  0.000000E+00,  0.000000E+00,  0.000000E+00
  1.592500E+04,  2.143521E-08,  0.000000E+00,  0.000000E+00,  0.000000E+00
  1.597500E+04,  2.131706E-08,  0.000000E+00,  0.000000E+00,  0.000000E+00
  1.605000E+04,  2.113403E-08,  0.000000E+00,  0.000000E+00,  0.000000E+00
  1.615000E+04,  2.070185E-08,  0.000000E+00,  0.000000E+00,  0.000000E+00
  1.625000E+04,  2.068323E-08,  0.000000E+00,  0.000000E+00,  0.000000E+00
  1.635000E+04,  2.033633E-08,  0.000000E+00,  0.000000E+00,  0.000000E+00
  1.645000E+04,  1.970304E-08,  0.000000E+00,  0.000000E+00,  0.000000E+00
  1.655000E+04,  1.968740E-08,  0.000000E+00,  0.000000E+00,  0.000000E+00
  1.665000E+04,  1.925690E-08,  0.000000E+00,  0.000000E+00,  0.000000E+00
  1.675000E+04,  1.881930E-08,  0.000000E+00,  0.000000E+00,  0.000000E+00
  1.685000E+04,  1.821781E-08,  0.000000E+00,  0.000000E+00,  0.000000E+00
  1.695000E+04,  1.820014E-08,  0.000000E+00,  0.000000E+00,  0.000000E+00
  1.705000E+04,  1.775766E-08,  0.000000E+00,  0.000000E+00,  0.000000E+00
  1.715000E+04,  1.739796E-08,  0.000000E+00,  0.000000E+00,  0.000000E+00
  1.725000E+04,  1.707281E-08,  0.000000E+00,  0.000000E+00,  0.000000E+00
  1.735000E+04,  1.645674E-08,  0.000000E+00,  0.000000E+00,  0.000000E+00
  1.745000E+04,  1.641034E-08,  0.000000E+00,  0.000000E+00,  0.000000E+00
  1.755000E+04,  1.612645E-08,  0.000000E+00,  0.000000E+00,  0.000000E+00
  1.765000E+04,  1.581025E-08,  0.000000E+00,  0.000000E+00,  0.000000E+00
  1.775000E+04,  1.551249E-08,  0.000000E+00,  0.000000E+00,  0.000000E+00
  1.785000E+04,  1.522558E-08,  0.000000E+00,  0.000000E+00,  0.000000E+00
  1.795000E+04,  1.495425E-08,  0.000000E+00,  0.000000E+00,  0.000000E+00
  1.805000E+04,  1.463732E-08,  0.000000E+00,  0.000000E+00,  0.000000E+00
  1.815000E+04,  1.416862E-08,  0.000000E+00,  0.000000E+00,  0.000000E+00
  1.825000E+04,  1.406323E-08,  0.000000E+00,  0.000000E+00,  0.000000E+00
  1.835000E+04,  1.383820E-08,  0.000000E+00,  0.000000E+00,  0.000000E+00
  1.845000E+04,  1.352667E-08,  0.000000E+00,  0.000000E+00,  0.000000E+00
  1.855000E+04,  1.331411E-08,  0.000000E+00,  0.000000E+00,  0.000000E+00
  1.865000E+04,  1.304444E-08,  0.000000E+00,  0.000000E+00,  0.000000E+00
  1.875000E+04,  1.252181E-08,  0.000000E+00,  0.000000E+00,  0.000000E+00
  1.885000E+04,  1.257391E-08,  0.000000E+00,  0.000000E+00,  0.000000E+00
  1.895000E+04,  1.225387E-08,  0.000000E+00,  0.000000E+00,  0.000000E+00
  1.905000E+04,  1.213746E-08,  0.000000E+00,  0.000000E+00,  0.000000E+00
  1.915000E+04,  1.190248E-08,  0.000000E+00,  0.000000E+00,  0.000000E+00
  1.925000E+04,  1.170322E-08,  0.000000E+00,  0.000000E+00,  0.000000E+00
  1.935000E+04,  1.144502E-08,  0.000000E+00,  0.000000E+00,  0.000000E+00
  1.945000E+04,  1.106765E-08,  0.000000E+00,  0.000000E+00,  0.000000E+00
  1.955000E+04,  1.105169E-08,  0.000000E+00,  0.000000E+00,  0.000000E+00
  1.965000E+04,  1.086461E-08,  0.000000E+00,  0.000000E+00,  0.000000E+00
  1.975000E+04,  1.061767E-08,  0.000000E+00,  0.000000E+00,  0.000000E+00
  1.985000E+04,  1.046439E-08,  0.000000E+00,  0.000000E+00,  0.000000E+00
  1.995000E+04,  1.028465E-08,  0.000000E+00,  0.000000E+00,  0.000000E+00
  2.005000E+04,  1.013991E-08,  0.000000E+00,  0.000000E+00,  0.000000E+00
  2.015000E+04,  9.974325E-09,  0.000000E+00,  0.000000E+00,  0.000000E+00
  2.025000E+04,  9.774667E-09,  0.000000E+00,  0.000000E+00,  0.000000E+00
  2.035000E+04,  9.586093E-09,  0.000000E+00,  0.000000E+00,  0.000000E+00
  2.045000E+04,  9.463574E-09,  0.000000E+00,  0.000000E+00,  0.000000E+00
  2.055000E+04,  9.289321E-09,  0.000000E+00,  0.000000E+00,  0.000000E+00
  2.065000E+04,  9.107530E-09,  0.000000E+00,  0.000000E+00,  0.000000E+00
  2.075000E+04,  8.967616E-09,  0.000000E+00,  0.000000E+00,  0.000000E+00
  2.085000E+04,  8.820841E-09,  0.000000E+00,  0.000000E+00,  0.000000E+00
  2.095000E+04,  8.647949E-09,  0.000000E+00,  0.000000E+00,  0.000000E+00
  2.105000E+04,  8.530857E-09,  0.000000E+00,  0.000000E+00,  0.000000E+00
  2.115000E+04,  8.384869E-09,  0.000000E+00,  0.000000E+00,  0.000000E+00
  2.125000E+04,  8.245576E-09,  0.000000E+00,  0.000000E+00,  0.000000E+00
  2.135000E+04,  8.108622E-09,  0.000000E+00,  0.000000E+00,  0.000000E+00
  2.145000E+04,  7.979841E-09,  0.000000E+00,  0.000000E+00,  0.000000E+00
  2.155000E+04,  7.849490E-09,  0.000000E+00,  0.000000E+00,  0.000000E+00
  2.165000E+04,  7.610835E-09,  0.000000E+00,  0.000000E+00,  0.000000E+00
  2.175000E+04,  7.575929E-09,  0.000000E+00,  0.000000E+00,  0.000000E+00
  2.185000E+04,  7.449725E-09,  0.000000E+00,  0.000000E+00,  0.000000E+00
  2.195000E+04,  7.348496E-09,  0.000000E+00,  0.000000E+00,  0.000000E+00
  2.205000E+04,  7.198023E-09,  0.000000E+00,  0.000000E+00,  0.000000E+00
  2.215000E+04,  7.114242E-09,  0.000000E+00,  0.000000E+00,  0.000000E+00
  2.225000E+04,  6.987435E-09,  0.000000E+00,  0.000000E+00,  0.000000E+00
  2.235000E+04,  6.878899E-09,  0.000000E+00,  0.000000E+00,  0.000000E+00
  2.245000E+04,  6.773968E-09,  0.000000E+00,  0.000000E+00,  0.000000E+00
  2.255000E+04,  6.660357E-09,  0.000000E+00,  0.000000E+00,  0.000000E+00
  2.265000E+04,  6.552436E-09,  0.000000E+00,  0.000000E+00,  0.000000E+00
  2.275000E+04,  6.460410E-09,  0.000000E+00,  0.000000E+00,  0.000000E+00
  2.285000E+04,  6.353143E-09,  0.000000E+00,  0.000000E+00,  0.000000E+00
  2.295000E+04,  5.912524E-09,  0.000000E+00,  0.000000E+00,  0.000000E+00
  2.305000E+04,  6.004709E-09,  0.000000E+00,  0.000000E+00,  0.000000E+00
  2.315000E+04,  5.951201E-09,  0.000000E+00,  0.000000E+00,  0.000000E+00
  2.325000E+04,  5.513420E-09,  0.000000E+00,  0.000000E+00,  0.000000E+00
  2.335000E+04,  5.657036E-09,  0.000000E+00,  0.000000E+00,  0.000000E+00
  2.345000E+04,  5.647820E-09,  0.000000E+00,  0.000000E+00,  0.000000E+00
  2.355000E+04,  5.221425E-09,  0.000000E+00,  0.000000E+00,  0.000000E+00
  2.365000E+04,  5.376393E-09,  0.000000E+00,  0.000000E+00,  0.000000E+00
  2.375000E+04,  5.358469E-09,  0.000000E+00,  0.000000E+00,  0.000000E+00
  2.385000E+04,  4.988689E-09,  0.000000E+00,  0.000000E+00,  0.000000E+00
  2.395000E+04,  5.103480E-09,  0.000000E+00,  0.000000E+00,  0.000000E+00
  2.405000E+04,  5.093479E-09,  0.000000E+00,  0.000000E+00,  0.000000E+00
  2.415000E+04,  4.813702E-09,  0.000000E+00,  0.000000E+00,  0.000000E+00
  2.425000E+04,  4.870993E-09,  0.000000E+00,  0.000000E+00,  0.000000E+00
  2.435000E+04,  4.857023E-09,  0.000000E+00,  0.000000E+00,  0.000000E+00
  2.445000E+04,  4.671203E-09,  0.000000E+00,  0.000000E+00,  0.000000E+00
  2.455000E+04,  4.624694E-09,  0.000000E+00,  0.000000E+00,  0.000000E+00
  2.465000E+04,  4.661955E-09,  0.000000E+00,  0.000000E+00,  0.000000E+00
  2.475000E+04,  4.533645E-09,  0.000000E+00,  0.000000E+00,  0.000000E+00
  2.485000E+04,  4.425990E-09,  0.000000E+00,  0.000000E+00,  0.000000E+00
  2.495000E+04,  4.441589E-09,  0.000000E+00,  0.000000E+00,  0.000000E+00
  2.505000E+04,  4.414349E-09,  0.000000E+00,  0.000000E+00,  0.000000E+00
  2.515000E+04,  4.256256E-09,  0.000000E+00,  0.000000E+00,  0.000000E+00
  2.525000E+04,  4.249854E-09,  0.000000E+00,  0.000000E+00,  0.000000E+00
  2.535000E+04,  4.227039E-09,  0.000000E+00,  0.000000E+00,  0.000000E+00
  2.545000E+04,  4.146393E-09,  0.000000E+00,  0.000000E+00,  0.000000E+00
  2.555000E+04,  4.096643E-09,  0.000000E+00,  0.000000E+00,  0.000000E+00
  2.565000E+04,  4.046149E-09,  0.000000E+00,  0.000000E+00,  0.000000E+00
  2.575000E+04,  4.021368E-09,  0.000000E+00,  0.000000E+00,  0.000000E+00
  2.585000E+04,  3.914353E-09,  0.000000E+00,  0.000000E+00,  0.000000E+00
  2.595000E+04,  3.904889E-09,  0.000000E+00,  0.000000E+00,  0.000000E+00
  2.605000E+04,  3.858057E-09,  0.000000E+00,  0.000000E+00,  0.000000E+00
  2.615000E+04,  3.793807E-09,  0.000000E+00,  0.000000E+00,  0.000000E+00
  2.625000E+04,  3.718917E-09,  0.000000E+00,  0.000000E+00,  0.000000E+00
  2.635000E+04,  3.706540E-09,  0.000000E+00,  0.000000E+00,  0.000000E+00
  2.645000E+04,  3.669174E-09,  0.000000E+00,  0.000000E+00,  0.000000E+00
  2.655000E+04,  3.596564E-09,  0.000000E+00,  0.000000E+00,  0.000000E+00
  2.665000E+04,  3.542640E-09,  0.000000E+00,  0.000000E+00,  0.000000E+00
  2.675000E+04,  3.520789E-09,  0.000000E+00,  0.000000E+00,  0.000000E+00
  2.685000E+04,  3.490031E-09,  0.000000E+00,  0.000000E+00,  0.000000E+00
  2.695000E+04,  3.437637E-09,  0.000000E+00,  0.000000E+00,  0.000000E+00
  2.705000E+04,  3.401249E-09,  0.000000E+00,  0.000000E+00,  0.000000E+00
  2.715000E+04,  3.357228E-09,  0.000000E+00,  0.000000E+00,  0.000000E+00
  2.725000E+04,  3.319468E-09,  0.000000E+00,  0.000000E+00,  0.000000E+00
  2.735000E+04,  3.270481E-09,  0.000000E+00,  0.000000E+00,  0.000000E+00
  2.745000E+04,  3.234596E-09,  0.000000E+00,  0.000000E+00,  0.000000E+00
  2.755000E+04,  3.179705E-09,  0.000000E+00,  0.000000E+00,  0.000000E+00
  2.765000E+04,  3.150464E-09,  0.000000E+00,  0.000000E+00,  0.000000E+00
  2.775000E+04,  3.111538E-09,  0.000000E+00,  0.000000E+00,  0.000000E+00
  2.785000E+04,  3.072664E-09,  0.000000E+00,  0.000000E+00,  0.000000E+00
  2.795000E+04,  3.030484E-09,  0.000000E+00,  0.000000E+00,  0.000000E+00
  2.805000E+04,  2.988066E-09,  0.000000E+00,  0.000000E+00,  0.000000E+00
  2.815000E+04,  2.954672E-09,  0.000000E+00,  0.000000E+00,  0.000000E+00
  2.825000E+04,  2.919694E-09,  0.000000E+00,  0.000000E+00,  0.000000E+00
  2.835000E+04,  2.885610E-09,  0.000000E+00,  0.000000E+00,  0.000000E+00
  2.845000E+04,  2.846790E-09,  0.000000E+00,  0.000000E+00,  0.000000E+00
  2.855000E+04,  2.810360E-09,  0.000000E+00,  0.000000E+00,  0.000000E+00
  2.865000E+04,  2.774059E-09,  0.000000E+00,  0.000000E+00,  0.000000E+00
  2.875000E+04,  2.724479E-09,  0.000000E+00,  0.000000E+00,  0.000000E+00
  2.885000E+04,  2.706457E-09,  0.000000E+00,  0.000000E+00,  0.000000E+00
  2.895000E+04,  2.673293E-09,  0.000000E+00,  0.000000E+00,  0.000000E+00
  2.905000E+04,  2.637203E-09,  0.000000E+00,  0.000000E+00,  0.000000E+00
  2.915000E+04,  2.607731E-09,  0.000000E+00,  0.000000E+00,  0.000000E+00
  2.925000E+04,  2.568184E-09,  0.000000E+00,  0.000000E+00,  0.000000E+00
  2.935000E+04,  2.537744E-09,  0.000000E+00,  0.000000E+00,  0.000000E+00
  2.945000E+04,  2.504320E-09,  0.000000E+00,  0.000000E+00,  0.000000E+00
  2.955000E+04,  2.477711E-09,  0.000000E+00,  0.000000E+00,  0.000000E+00
  2.965000E+04,  2.440944E-09,  0.000000E+00,  0.000000E+00,  0.000000E+00
  2.975000E+04,  2.416329E-09,  0.000000E+00,  0.000000E+00,  0.000000E+00
  2.985000E+04,  2.388743E-09,  0.000000E+00,  0.000000E+00,  0.000000E+00
  2.995000E+04,  2.356679E-09,  0.000000E+00,  0.000000E+00,  0.000000E+00
  3.005000E+04,  2.322594E-09,  0.000000E+00,  0.000000E+00,  0.000000E+00
  3.015000E+04,  2.301664E-09,  0.000000E+00,  0.000000E+00,  0.000000E+00
  3.025000E+04,  2.273657E-09,  0.000000E+00,  0.000000E+00,  0.000000E+00
  3.035000E+04,  2.232090E-09,  0.000000E+00,  0.000000E+00,  0.000000E+00
  3.045000E+04,  2.205863E-09,  0.000000E+00,  0.000000E+00,  0.000000E+00
  3.055000E+04,  2.191395E-09,  0.000000E+00,  0.000000E+00,  0.000000E+00
  3.065000E+04,  2.163238E-09,  0.000000E+00,  0.000000E+00,  0.000000E+00
  3.075000E+04,  2.138549E-09,  0.000000E+00,  0.000000E+00,  0.000000E+00
  3.085000E+04,  2.107766E-09,  0.000000E+00,  0.000000E+00,  0.000000E+00
  3.095000E+04,  2.081560E-09,  0.000000E+00,  0.000000E+00,  0.000000E+00
  3.105000E+04,  2.062482E-09,  0.000000E+00,  0.000000E+00,  0.000000E+00
  3.115000E+04,  2.029437E-09,  0.000000E+00,  0.000000E+00,  0.000000E+00
  3.125000E+04,  2.013631E-09,  0.000000E+00,  0.000000E+00,  0.000000E+00
  3.135000E+04,  1.979940E-09,  0.000000E+00,  0.000000E+00,  0.000000E+00
  3.145000E+04,  1.965191E-09,  0.000000E+00,  0.000000E+00,  0.000000E+00
  3.155000E+04,  1.937589E-09,  0.000000E+00,  0.000000E+00,  0.000000E+00
  3.165000E+04,  1.921109E-09,  0.000000E+00,  0.000000E+00,  0.000000E+00
  3.175000E+04,  1.892736E-09,  0.000000E+00,  0.000000E+00,  0.000000E+00
  3.185000E+04,  1.870603E-09,  0.000000E+00,  0.000000E+00,  0.000000E+00
  3.195000E+04,  1.851193E-09,  0.000000E+00,  0.000000E+00,  0.000000E+00
  3.210000E+04,  1.821428E-09,  0.000000E+00,  0.000000E+00,  0.000000E+00
  3.230000E+04,  1.773484E-09,  0.000000E+00,  0.000000E+00,  0.000000E+00
  3.250000E+04,  1.738747E-09,  0.000000E+00,  0.000000E+00,  0.000000E+00
  3.270000E+04,  1.698654E-09,  0.000000E+00,  0.000000E+00,  0.000000E+00
  3.290000E+04,  1.650609E-09,  0.000000E+00,  0.000000E+00,  0.000000E+00
  3.310000E+04,  1.623158E-09,  0.000000E+00,  0.000000E+00,  0.000000E+00
  3.330000E+04,  1.581431E-09,  0.000000E+00,  0.000000E+00,  0.000000E+00
  3.350000E+04,  1.549832E-09,  0.000000E+00,  0.000000E+00,  0.000000E+00
  3.370000E+04,  1.517563E-09,  0.000000E+00,  0.000000E+00,  0.000000E+00
  3.390000E+04,  1.475850E-09,  0.000000E+00,  0.000000E+00,  0.000000E+00
  3.410000E+04,  1.449491E-09,  0.000000E+00,  0.000000E+00,  0.000000E+00
  3.430000E+04,  1.421080E-09,  0.000000E+00,  0.000000E+00,  0.000000E+00
  3.450000E+04,  1.384575E-09,  0.000000E+00,  0.000000E+00,  0.000000E+00
  3.470000E+04,  1.359339E-09,  0.000000E+00,  0.000000E+00,  0.000000E+00
  3.490000E+04,  1.331238E-09,  0.000000E+00,  0.000000E+00,  0.000000E+00
  3.510000E+04,  1.299827E-09,  0.000000E+00,  0.000000E+00,  0.000000E+00
  3.530000E+04,  1.271349E-09,  0.000000E+00,  0.000000E+00,  0.000000E+00
  3.550000E+04,  1.247962E-09,  0.000000E+00,  0.000000E+00,  0.000000E+00
  3.570000E+04,  1.217948E-09,  0.000000E+00,  0.000000E+00,  0.000000E+00
  3.590000E+04,  1.192959E-09,  0.000000E+00,  0.000000E+00,  0.000000E+00
  3.610000E+04,  1.171961E-09,  0.000000E+00,  0.000000E+00,  0.000000E+00
  3.630000E+04,  1.145559E-09,  0.000000E+00,  0.000000E+00,  0.000000E+00
  3.650000E+04,  1.121636E-09,  0.000000E+00,  0.000000E+00,  0.000000E+00
  3.670000E+04,  1.098537E-09,  0.000000E+00,  0.000000E+00,  0.000000E+00
  3.690000E+04,  1.075702E-09,  0.000000E+00,  0.000000E+00,  0.000000E+00
  3.710000E+04,  1.052937E-09,  0.000000E+00,  0.000000E+00,  0.000000E+00
  3.730000E+04,  1.032692E-09,  0.000000E+00,  0.000000E+00,  0.000000E+00
  3.750000E+04,  1.010257E-09,  0.000000E+00,  0.000000E+00,  0.000000E+00
  3.770000E+04,  9.918865E-10,  0.000000E+00,  0.000000E+00,  0.000000E+00
  3.790000E+04,  9.740169E-10,  0.000000E+00,  0.000000E+00,  0.000000E+00
  3.810000E+04,  9.531313E-10,  0.000000E+00,  0.000000E+00,  0.000000E+00
  3.830000E+04,  9.355370E-10,  0.000000E+00,  0.000000E+00,  0.000000E+00
  3.850000E+04,  9.172187E-10,  0.000000E+00,  0.000000E+00,  0.000000E+00
  3.870000E+04,  9.001365E-10,  0.000000E+00,  0.000000E+00,  0.000000E+00
  3.890000E+04,  8.814190E-10,  0.000000E+00,  0.000000E+00,  0.000000E+00
  3.910000E+04,  8.648299E-10,  0.000000E+00,  0.000000E+00,  0.000000E+00
  3.930000E+04,  8.484021E-10,  0.000000E+00,  0.000000E+00,  0.000000E+00
  3.950000E+04,  8.327647E-10,  0.000000E+00,  0.000000E+00,  0.000000E+00
  3.970000E+04,  8.171067E-10,  0.000000E+00,  0.000000E+00,  0.000000E+00
  3.990000E+04,  7.989999E-10,  0.000000E+00,  0.000000E+00,  0.000000E+00
  4.010000E+04,  7.858882E-10,  0.000000E+00,  0.000000E+00,  0.000000E+00
  4.030000E+04,  7.709175E-10,  0.000000E+00,  0.000000E+00,  0.000000E+00
  4.050000E+04,  7.544173E-10,  0.000000E+00,  0.000000E+00,  0.000000E+00
  4.070000E+04,  7.419044E-10,  0.000000E+00,  0.000000E+00,  0.000000E+00
  4.090000E+04,  7.296033E-10,  0.000000E+00,  0.000000E+00,  0.000000E+00
  4.110000E+04,  7.157672E-10,  2.863069E-12,  0.000000E+00,  0.000000E+00
  4.130000E+04,  7.031708E-10,  8.438050E-12,  0.000000E+00,  0.000000E+00
  4.150000E+04,  6.899047E-10,  1.379809E-11,  0.000000E+00,  0.000000E+00
  4.170000E+04,  6.765136E-10,  1.894238E-11,  0.000000E+00,  0.000000E+00
  4.190000E+04,  6.654938E-10,  2.395778E-11,  0.000000E+00,  0.000000E+00
  4.210000E+04,  6.516441E-10,  3.975029E-11,  0.000000E+00,  0.000000E+00
  4.230000E+04,  6.420500E-10,  6.613115E-11,  0.000000E+00,  0.000000E+00
  4.250000E+04,  6.299083E-10,  9.133670E-11,  0.000000E+00,  0.000000E+00
  4.270000E+04,  6.190251E-10,  1.157577E-10,  0.000000E+00,  0.000000E+00
  4.290000E+04,  5.905939E-10,  1.352460E-10,  0.000000E+00,  0.000000E+00
  4.310000E+04,  5.697840E-10,  1.555510E-10,  0.000000E+00,  0.000000E+00
  4.330000E+04,  5.707963E-10,  1.820840E-10,  0.000000E+00,  0.000000E+00
  4.350000E+04,  5.432324E-10,  1.982798E-10,  0.000000E+00,  0.000000E+00
  4.370000E+04,  5.319645E-10,  2.186374E-10,  0.000000E+00,  0.000000E+00
  4.390000E+04,  5.272227E-10,  2.409408E-10,  0.000000E+00,  0.000000E+00
  4.410000E+04,  4.981905E-10,  2.650374E-10,  0.000000E+00,  0.000000E+00
  4.430000E+04,  4.968278E-10,  3.159825E-10,  0.000000E+00,  0.000000E+00
  4.450000E+04,  4.879902E-10,  3.611128E-10,  0.000000E+00,  0.000000E+00
  4.470000E+04,  4.642656E-10,  3.918402E-10,  0.000000E+00,  0.000000E+00
  4.490000E+04,  4.667491E-10,  4.424782E-10,  0.000000E+00,  0.000000E+00
  4.510000E+04,  4.567871E-10,  4.535896E-10,  0.000000E+00,  0.000000E+00
  4.530000E+04,  4.381694E-10,  4.289679E-10,  0.000000E+00,  0.000000E+00
  4.550000E+04,  4.385992E-10,  4.232482E-10,  0.000000E+00,  0.000000E+00
  4.570000E+04,  4.338459E-10,  4.125875E-10,  0.000000E+00,  0.000000E+00
  4.590000E+04,  4.142382E-10,  3.881412E-10,  0.000000E+00,  0.000000E+00
  4.610000E+04,  4.163310E-10,  3.867715E-10,  0.000000E+00,  0.000000E+00
  4.630000E+04,  4.075686E-10,  3.778161E-10,  0.000000E+00,  0.000000E+00
  4.650000E+04,  4.029424E-10,  3.727217E-10,  0.000000E+00,  0.000000E+00
  4.670000E+04,  3.978824E-10,  3.672455E-10,  0.000000E+00,  0.000000E+00
  4.690000E+04,  3.919890E-10,  3.610219E-10,  0.000000E+00,  0.000000E+00
  4.710000E+04,  3.845210E-10,  3.526058E-10,  0.000000E+00,  0.000000E+00
  4.730000E+04,  3.840897E-10,  3.499058E-10,  0.000000E+00,  0.000000E+00
  4.750000E+04,  3.759405E-10,  3.402261E-10,  0.000000E+00,  0.000000E+00
  4.770000E+04,  3.705612E-10,  3.331345E-10,  0.000000E+00,  0.000000E+00
  4.790000E+04,  3.658552E-10,  3.267087E-10,  0.000000E+00,  0.000000E+00
  4.810000E+04,  3.571235E-10,  3.160543E-10,  0.000000E+00,  0.000000E+00
  4.830000E+04,  3.578331E-10,  3.131040E-10,  0.000000E+00,  0.000000E+00
  4.850000E+04,  3.513590E-10,  3.039255E-10,  0.000000E+00,  0.000000E+00
  4.870000E+04,  3.442718E-10,  2.943524E-10,  0.000000E+00,  0.000000E+00
  4.890000E+04,  3.406143E-10,  2.878191E-10,  0.000000E+00,  0.000000E+00
  4.910000E+04,  3.350845E-10,  2.794605E-10,  0.000000E+00,  0.000000E+00
  4.930000E+04,  3.302712E-10,  2.714829E-10,  0.000000E+00,  0.000000E+00
  4.950000E+04,  3.254655E-10,  2.636270E-10,  0.000000E+00,  0.000000E+00
  4.970000E+04,  3.212403E-10,  2.563497E-10,  0.000000E+00,  0.000000E+00
  4.990000E+04,  3.168591E-10,  2.490513E-10,  0.000000E+00,  0.000000E+00
  5.010000E+04,  3.102046E-10,  2.413392E-10,  0.000000E+00,  0.000000E+00
  5.030000E+04,  3.088391E-10,  2.390415E-10,  0.000000E+00,  0.000000E+00
  5.050000E+04,  3.019061E-10,  2.324677E-10,  0.000000E+00,  0.000000E+00
  5.070000E+04,  2.984845E-10,  2.286391E-10,  0.000000E+00,  0.000000E+00
  5.090000E+04,  2.953955E-10,  2.250914E-10,  0.000000E+00,  0.000000E+00
  5.110000E+04,  2.899365E-10,  2.212216E-10,  0.000000E+00,  0.000000E+00
  5.130000E+04,  2.866106E-10,  2.204035E-10,  0.000000E+00,  0.000000E+00
  5.150000E+04,  2.824625E-10,  2.189084E-10,  0.000000E+00,  0.000000E+00
  5.170000E+04,  2.812133E-10,  2.196276E-10,  0.000000E+00,  0.000000E+00
  5.190000E+04,  2.748583E-10,  2.163135E-10,  0.000000E+00,  0.000000E+00
  5.210000E+04,  2.708358E-10,  2.126061E-10,  0.000000E+00,  0.000000E+00
  5.230000E+04,  2.674117E-10,  2.072441E-10,  0.000000E+00,  0.000000E+00
  5.250000E+04,  2.650877E-10,  2.027921E-10,  0.000000E+00,  0.000000E+00
  5.270000E+04,  2.629437E-10,  1.985225E-10,  0.000000E+00,  0.000000E+00
  5.290000E+04,  2.563545E-10,  1.909841E-10,  0.000000E+00,  0.000000E+00
  5.310000E+04,  2.536229E-10,  1.861592E-10,  0.000000E+00,  0.000000E+00
  5.330000E+04,  2.505367E-10,  1.808875E-10,  0.000000E+00,  0.000000E+00
  5.350000E+04,  2.474961E-10,  1.757222E-10,  0.000000E+00,  0.000000E+00
  5.370000E+04,  2.447077E-10,  1.708060E-10,  0.000000E+00,  0.000000E+00
  5.390000E+04,  2.416911E-10,  1.658001E-10,  0.000000E+00,  0.000000E+00
  5.410000E+04,  2.383203E-10,  1.601513E-10,  0.000000E+00,  0.000000E+00
  5.430000E+04,  2.339491E-10,  1.534706E-10,  0.000000E+00,  0.000000E+00
  5.450000E+04,  2.323291E-10,  1.486906E-10,  0.000000E+00,  0.000000E+00
  5.470000E+04,  2.289210E-10,  1.428467E-10,  0.000000E+00,  0.000000E+00
  5.490000E+04,  2.255775E-10,  1.371511E-10,  0.000000E+00,  0.000000E+00
  5.510000E+04,  2.229064E-10,  1.312919E-10,  0.000000E+00,  0.000000E+00
  5.530000E+04,  2.219986E-10,  1.258732E-10,  0.000000E+00,  0.000000E+00
  5.550000E+04,  2.164336E-10,  1.179563E-10,  0.000000E+00,  0.000000E+00
  5.570000E+04,  2.160283E-10,  1.129828E-10,  0.000000E+00,  0.000000E+00
  5.590000E+04,  2.121188E-10,  1.062715E-10,  0.000000E+00,  0.000000E+00
  5.610000E+04,  2.096534E-10,  9.916604E-11,  0.000000E+00,  0.000000E+00
  5.630000E+04,  2.063079E-10,  9.056917E-11,  0.000000E+00,  0.000000E+00
  5.650000E+04,  2.049315E-10,  8.299724E-11,  0.000000E+00,  0.000000E+00
  5.670000E+04,  2.022109E-10,  7.502023E-11,  0.000000E+00,  0.000000E+00
  5.690000E+04,  1.984836E-10,  6.688898E-11,  0.000000E+00,  0.000000E+00
  5.710000E+04,  1.972765E-10,  6.194482E-11,  0.000000E+00,  0.000000E+00
  5.730000E+04,  1.946740E-10,  5.879154E-11,  0.000000E+00,  0.000000E+00
  5.750000E+04,  1.921812E-10,  5.573255E-11,  0.000000E+00,  0.000000E+00
  5.770000E+04,  1.895547E-10,  5.269620E-11,  0.000000E+00,  0.000000E+00
  5.790000E+04,  1.879609E-10,  4.999759E-11,  0.000000E+00,  0.000000E+00
  5.810000E+04,  1.848926E-10,  4.714762E-11,  0.000000E+00,  0.000000E+00
  5.830000E+04,  1.827341E-10,  4.476986E-11,  0.000000E+00,  0.000000E+00
  5.850000E+04,  1.808246E-10,  4.249378E-11,  0.000000E+00,  0.000000E+00
  5.870000E+04,  1.780230E-10,  4.005517E-11,  0.000000E+00,  0.000000E+00
  5.890000E+04,  1.760561E-10,  3.785206E-11,  0.000000E+00,  0.000000E+00
  5.910000E+04,  1.740271E-10,  3.619764E-11,  0.000000E+00,  0.000000E+00
  5.930000E+04,  1.718632E-10,  3.506008E-11,  0.000000E+00,  0.000000E+00
  5.950000E+04,  1.695317E-10,  3.390633E-11,  0.000000E+00,  0.000000E+00
  5.970000E+04,  1.679791E-10,  3.292391E-11,  0.000000E+00,  0.000000E+00
  5.990000E+04,  1.658748E-10,  3.184796E-11,  0.000000E+00,  0.000000E+00
  6.010000E+04,  1.639250E-10,  2.950650E-11,  0.000000E+00,  0.000000E+00
  6.030000E+04,  1.618342E-10,  2.589347E-11,  0.000000E+00,  0.000000E+00
  6.050000E+04,  1.595205E-10,  2.233287E-11,  0.000000E+00,  0.000000E+00
  6.070000E+04,  1.576609E-10,  1.891930E-11,  0.000000E+00,  0.000000E+00
  6.090000E+04,  1.558264E-10,  1.558264E-11,  0.000000E+00,  0.000000E+00
  6.110000E+04,  1.537000E-10,  1.275710E-11,  0.000000E+00,  0.000000E+00
  6.130000E+04,  1.520968E-10,  1.049468E-11,  0.000000E+00,  0.000000E+00
  6.150000E+04,  1.503189E-10,  8.267540E-12,  0.000000E+00,  0.000000E+00
  6.170000E+04,  1.486557E-10,  6.094884E-12,  0.000000E+00,  0.000000E+00
  6.190000E+04,  1.469680E-10,  3.968137E-12,  0.000000E+00,  0.000000E+00
  6.210000E+04,  1.452067E-10,  2.613720E-12,  0.000000E+00,  0.000000E+00
  6.230000E+04,  1.434067E-10,  2.007694E-12,  0.000000E+00,  0.000000E+00
  6.250000E+04,  1.414654E-10,  1.414654E-12,  0.000000E+00,  0.000000E+00
  6.270000E+04,  1.398961E-10,  8.393766E-13,  0.000000E+00,  0.000000E+00
  6.290000E+04,  1.381857E-10,  2.763714E-13,  0.000000E+00,  0.000000E+00
  6.310000E+04,  1.365518E-10,  0.000000E+00,  0.000000E+00,  0.000000E+00
  6.330000E+04,  1.351770E-10,  0.000000E+00,  0.000000E+00,  0.000000E+00
  6.350000E+04,  1.333407E-10,  0.000000E+00,  0.000000E+00,  0.000000E+00
  6.370000E+04,  1.321107E-10,  0.000000E+00,  0.000000E+00,  0.000000E+00
  6.390000E+04,  1.302119E-10,  0.000000E+00,  0.000000E+00,  0.000000E+00
  6.420000E+04,  1.281006E-10,  0.000000E+00,  0.000000E+00,  0.000000E+00
  6.460000E+04,  1.250622E-10,  0.000000E+00,  0.000000E+00,  0.000000E+00
  6.500000E+04,  1.222189E-10,  0.000000E+00,  0.000000E+00,  0.000000E+00
  6.540000E+04,  1.193790E-10,  0.000000E+00,  0.000000E+00,  0.000000E+00
  6.580000E+04,  1.167083E-10,  0.000000E+00,  0.000000E+00,  0.000000E+00
  6.620000E+04,  1.139678E-10,  0.000000E+00,  0.000000E+00,  0.000000E+00
  6.660000E+04,  1.114075E-10,  0.000000E+00,  0.000000E+00,  0.000000E+00
  6.700000E+04,  1.088981E-10,  0.000000E+00,  0.000000E+00,  0.000000E+00
  6.740000E+04,  1.063895E-10,  0.000000E+00,  0.000000E+00,  0.000000E+00
  6.780000E+04,  1.039994E-10,  0.000000E+00,  0.000000E+00,  0.000000E+00
  6.820000E+04,  1.016782E-10,  0.000000E+00,  0.000000E+00,  0.000000E+00
  6.860000E+04,  9.942620E-11,  0.000000E+00,  0.000000E+00,  0.000000E+00
  6.900000E+04,  9.719459E-11,  0.000000E+00,  0.000000E+00,  0.000000E+00
  6.940000E+04,  9.503508E-11,  0.000000E+00,  0.000000E+00,  0.000000E+00
  6.980000E+04,  9.296189E-11,  0.000000E+00,  0.000000E+00,  0.000000E+00
  7.020000E+04,  9.090588E-11,  0.000000E+00,  0.000000E+00,  0.000000E+00
  7.060000E+04,  8.894172E-11,  0.000000E+00,  0.000000E+00,  0.000000E+00
  7.100000E+04,  8.701035E-11,  0.000000E+00,  0.000000E+00,  0.000000E+00
  7.140000E+04,  8.513826E-11,  0.000000E+00,  0.000000E+00,  0.000000E+00
  7.180000E+04,  8.330049E-11,  0.000000E+00,  0.000000E+00,  0.000000E+00
  7.220000E+04,  8.152308E-11,  0.000000E+00,  0.000000E+00,  0.000000E+00
  7.260000E+04,  7.978688E-11,  0.000000E+00,  0.000000E+00,  0.000000E+00
  7.300000E+04,  7.810611E-11,  0.000000E+00,  0.000000E+00,  0.000000E+00
  7.340000E+04,  7.645158E-11,  0.000000E+00,  0.000000E+00,  0.000000E+00
  7.380000E+04,  7.486041E-11,  0.000000E+00,  0.000000E+00,  0.000000E+00
  7.420000E+04,  7.329372E-11,  0.000000E+00,  0.000000E+00,  0.000000E+00
  7.460000E+04,  7.171505E-11,  0.000000E+00,  0.000000E+00,  0.000000E+00
  7.500000E+04,  7.026091E-11,  0.000000E+00,  0.000000E+00,  0.000000E+00
  7.540000E+04,  6.885003E-11,  0.000000E+00,  0.000000E+00,  0.000000E+00
  7.580000E+04,  6.744813E-11,  0.000000E+00,  0.000000E+00,  0.000000E+00
  7.620000E+04,  6.607508E-11,  0.000000E+00,  0.000000E+00,  0.000000E+00
  7.660000E+04,  6.474106E-11,  0.000000E+00,  0.000000E+00,  0.000000E+00
  7.700000E+04,  6.343251E-11,  0.000000E+00,  0.000000E+00,  0.000000E+00
  7.740000E+04,  6.216527E-11,  0.000000E+00,  0.000000E+00,  0.000000E+00
  7.780000E+04,  6.092318E-11,  0.000000E+00,  0.000000E+00,  0.000000E+00
  7.820000E+04,  5.971579E-11,  0.000000E+00,  0.000000E+00,  0.000000E+00
  7.860000E+04,  5.853597E-11,  0.000000E+00,  0.000000E+00,  0.000000E+00
  7.900000E+04,  5.738580E-11,  0.000000E+00,  0.000000E+00,  0.000000E+00
  7.940000E+04,  5.626476E-11,  0.000000E+00,  0.000000E+00,  0.000000E+00
  7.980000E+04,  5.517224E-11,  0.000000E+00,  0.000000E+00,  0.000000E+00
  8.020000E+04,  5.410359E-11,  0.000000E+00,  0.000000E+00,  0.000000E+00
  8.060000E+04,  5.306220E-11,  0.000000E+00,  0.000000E+00,  0.000000E+00
  8.100000E+04,  5.204990E-11,  0.000000E+00,  0.000000E+00,  0.000000E+00
  8.140000E+04,  5.104986E-11,  0.000000E+00,  0.000000E+00,  0.000000E+00
  8.180000E+04,  5.008732E-11,  0.000000E+00,  0.000000E+00,  0.000000E+00
  8.220000E+04,  4.914548E-11,  0.000000E+00,  0.000000E+00,  0.000000E+00
  8.260000E+04,  4.822004E-11,  0.000000E+00,  0.000000E+00,  0.000000E+00
  8.300000E+04,  4.731704E-11,  0.000000E+00,  0.000000E+00,  0.000000E+00
  8.340000E+04,  4.643081E-11,  0.000000E+00,  0.000000E+00,  0.000000E+00
  8.380000E+04,  4.557232E-11,  0.000000E+00,  0.000000E+00,  0.000000E+00
  8.420000E+04,  4.473059E-11,  0.000000E+00,  0.000000E+00,  0.000000E+00
  8.460000E+04,  4.390944E-11,  0.000000E+00,  0.000000E+00,  0.000000E+00
  8.500000E+04,  4.310503E-11,  0.000000E+00,  0.000000E+00,  0.000000E+00
  8.540000E+04,  4.232013E-11,  0.000000E+00,  0.000000E+00,  0.000000E+00
  8.580000E+04,  4.155281E-11,  0.000000E+00,  0.000000E+00,  0.000000E+00
  8.620000E+04,  4.080280E-11,  0.000000E+00,  0.000000E+00,  0.000000E+00
  8.660000E+04,  4.006942E-11,  0.000000E+00,  0.000000E+00,  0.000000E+00
  8.700000E+04,  3.935445E-11,  0.000000E+00,  0.000000E+00,  0.000000E+00
  8.740000E+04,  3.865195E-11,  0.000000E+00,  0.000000E+00,  0.000000E+00
  8.780000E+04,  3.796584E-11,  0.000000E+00,  0.000000E+00,  0.000000E+00
  8.820000E+04,  3.729640E-11,  0.000000E+00,  0.000000E+00,  0.000000E+00
  8.860000E+04,  3.664045E-11,  0.000000E+00,  0.000000E+00,  0.000000E+00
  8.900000E+04,  3.600038E-11,  0.000000E+00,  0.000000E+00,  0.000000E+00
  8.940000E+04,  3.537574E-11,  0.000000E+00,  0.000000E+00,  0.000000E+00
  8.980000E+04,  3.475887E-11,  0.000000E+00,  0.000000E+00,  0.000000E+00
  9.020000E+04,  3.416238E-11,  0.000000E+00,  0.000000E+00,  0.000000E+00
  9.060000E+04,  3.357706E-11,  0.000000E+00,  0.000000E+00,  0.000000E+00
  9.100000E+04,  3.299725E-11,  0.000000E+00,  0.000000E+00,  0.000000E+00
  9.140000E+04,  3.242664E-11,  0.000000E+00,  0.000000E+00,  0.000000E+00
  9.180000E+04,  3.188481E-11,  0.000000E+00,  0.000000E+00,  0.000000E+00
  9.220000E+04,  3.134600E-11,  0.000000E+00,  0.000000E+00,  0.000000E+00
  9.260000E+04,  3.081525E-11,  0.000000E+00,  0.000000E+00,  0.000000E+00
  9.300000E+04,  3.030777E-11,  0.000000E+00,  0.000000E+00,  0.000000E+00
  9.340000E+04,  2.978982E-11,  0.000000E+00,  0.000000E+00,  0.000000E+00
  9.380000E+04,  2.929064E-11,  0.000000E+00,  0.000000E+00,  0.000000E+00
  9.420000E+04,  2.882163E-11,  0.000000E+00,  0.000000E+00,  0.000000E+00
  9.460000E+04,  2.832940E-11,  0.000000E+00,  0.000000E+00,  0.000000E+00
  9.500000E+04,  2.788070E-11,  0.000000E+00,  0.000000E+00,  0.000000E+00
  9.540000E+04,  2.742468E-11,  0.000000E+00,  0.000000E+00,  0.000000E+00
  9.580000E+04,  2.695819E-11,  0.000000E+00,  0.000000E+00,  0.000000E+00
  9.620000E+04,  2.654014E-11,  0.000000E+00,  0.000000E+00,  0.000000E+00
  9.660000E+04,  2.608544E-11,  0.000000E+00,  0.000000E+00,  0.000000E+00
  9.700000E+04,  2.568871E-11,  0.000000E+00,  0.000000E+00,  0.000000E+00
  9.740000E+04,  2.527360E-11,  0.000000E+00,  0.000000E+00,  0.000000E+00
  9.780000E+04,  2.484557E-11,  0.000000E+00,  0.000000E+00,  0.000000E+00
  9.820000E+04,  2.447970E-11,  0.000000E+00,  0.000000E+00,  0.000000E+00
  9.860000E+04,  2.408985E-11,  0.000000E+00,  0.000000E+00,  0.000000E+00
  9.900000E+04,  2.369929E-11,  0.000000E+00,  0.000000E+00,  0.000000E+00
  9.940000E+04,  2.331914E-11,  0.000000E+00,  0.000000E+00,  0.000000E+00
  9.980000E+04,  2.297687E-11,  0.000000E+00,  0.000000E+00,  0.000000E+00
  1.002000E+05,  2.261860E-11,  0.000000E+00,  0.000000E+00,  0.000000E+00
  2.000000E+05,  1.475098E-12,  0.000000E+00,  0.000000E+00,  0.000000E+00
  4.000000E+05,  9.332353E-14,  0.000000E+00,  0.000000E+00,  0.000000E+00
  6.000000E+05,  1.842165E-14,  0.000000E+00,  0.000000E+00,  0.000000E+00
  8.000000E+05,  5.808742E-15,  0.000000E+00,  0.000000E+00,  0.000000E+00
  1.000000E+06,  2.369293E-15,  0.000000E+00,  0.000000E+00,  0.000000E+00
  1.200000E+06,  1.137638E-15,  0.000000E+00,  0.000000E+00,  0.000000E+00
  1.400000E+06,  6.114653E-16,  0.000000E+00,  0.000000E+00,  0.000000E+00
  1.600000E+06,  3.569738E-16,  0.000000E+00,  0.000000E+00,  0.000000E+00
